+3.5219270431018220e-04 +5.5555555555555558e-01 -1.3422073813110073e-03 -1.3421857643832202e-03
+1.5625000000000001e-03 +8.8888888888888884e-01 -5.9545264914413077e-03 -5.9545051741710583e-03
+2.7728072956898181e-03 +5.5555555555555558e-01 -1.0566501254657416e-02 -1.0566480238291090e-02

+3.4771927043101827e-03 +5.5555555555555558e-01 -1.3250355635874013e-02 -1.3250334328895809e-02
+4.6875000000000007e-03 +8.8888888888888884e-01 -1.7861240951654860e-02 -1.7861219947419196e-02
+5.8978072956898187e-03 +5.5555555555555558e-01 -2.2471093361928547e-02 -2.2471072661691783e-02

+6.6021927043101829e-03 +5.5555555555555558e-01 -2.5153395626107328e-02 -2.5153374637292961e-02
+7.8125000000000000e-03 +8.8888888888888884e-01 -2.9761069563477432e-02 -2.9761048880373467e-02
+9.0228072956898206e-03 +5.5555555555555558e-01 -3.4367022434952099e-02 -3.4367002058824432e-02

+9.7271927043101839e-03 +5.5555555555555558e-01 -3.7046738503509861e-02 -3.7046717840950795e-02
+1.0937500000000001e-02 +8.8888888888888884e-01 -4.1649424716455385e-02 -4.1649404362457156e-02
+1.2147807295689820e-02 +5.5555555555555558e-01 -4.6249702366620911e-02 -4.6249682322457880e-02

+1.2852192704310183e-02 +5.5555555555555558e-01 -4.8925799158002228e-02 -4.8925778829664687e-02
+1.4062500000000000e-02 +8.8888888888888884e-01 -5.3521723223372092e-02 -5.3521703206326467e-02
+1.5272807295689817e-02 +5.5555555555555558e-01 -5.8114552157624226e-02 -5.8114532453152797e-02

+1.5977192704310181e-02 +5.5555555555555558e-01 -6.0785997985573839e-02 -6.0785977999294971e-02
+1.7187500000000001e-02 +8.8888888888888884e-01 -6.5373388087153622e-02 -6.5373368414777519e-02
+1.8397807295689822e-02 +5.5555555555555558e-01 -6.9956997682509778e-02 -6.9956978325326852e-02

+1.9102192704310187e-02 +5.5555555555555558e-01 -7.2622762653807335e-02 -7.2622743017292532e-02
+2.0312500000000004e-02 +8.8888888888888884e-01 -7.7199850265388004e-02 -7.7199830945265738e-02
+2.1522807295689818e-02 +5.5555555555555558e-01 -8.1772473453096448e-02 -8.1772454450664001e-02

+2.2227192704310183e-02 +5.5555555555555558e-01 -8.4431529864600077e-02 -8.4431510585419547e-02
+2.3437500000000000e-02 +8.8888888888888884e-01 -8.8996550431778815e-02 -8.8996531471358303e-02
+2.4647807295689821e-02 +5.5555555555555558e-01 -9.3556424378556907e-02 -9.3556405738200843e-02

+2.5352192704310186e-02 +5.5555555555555558e-01 -9.6207747113402214e-02 -9.6207728198988859e-02
+2.6562500000000003e-02 +8.8888888888888884e-01 -1.0075894073385119e-01 -1.0075892214044251e-01
+2.7772807295689816e-02 +5.5555555555555558e-01 -1.0530430752149156e-01 -1.0530428925039802e-01

+2.8477192704310181e-02 +5.5555555555555558e-01 -1.0794687444429356e-01 -1.0794685590193964e-01
+2.9687499999999999e-02 +8.8888888888888884e-01 -1.1248248654623652e-01 -1.1248246832700753e-01
+3.0897807295689819e-02 +5.5555555555555558e-01 -1.1701159384931747e-01 -1.1701157595453009e-01

+3.1602192704310181e-02 +5.5555555555555558e-01 -1.1964438620022368e-01 -1.1964436803707786e-01
+3.2812500000000001e-02 +8.8888888888888884e-01 -1.2416266821885613e-01 -1.2416265038083135e-01
+3.4022807295689822e-02 +5.5555555555555558e-01 -1.2867376998029700e-01 -1.2867375246871507e-01

+3.4727192704310184e-02 +5.5555555555555558e-01 -1.3129577276773813e-01 -1.3129575499080284e-01
+3.5937500000000004e-02 +8.8888888888888884e-01 -1.3579498281933244e-01 -1.3579496536938870e-01
+3.7147807295689825e-02 +5.5555555555555558e-01 -1.4028633992353187e-01 -1.4028632280190592e-01

+3.7852192704310193e-02 +5.5555555555555558e-01 -1.4289654231552121e-01 -1.4289652493165020e-01
+3.9062500000000000e-02 +8.8888888888888884e-01 -1.4737494586895647e-01 -1.4737492881382111e-01
+4.0272807295689814e-02 +5.5555555555555558e-01 -1.5184482681225384e-01 -1.5184481008718470e-01

+4.0977192704310182e-02 +5.5555555555555558e-01 -1.5444222252608109e-01 -1.5444220554197668e-01
+4.2187500000000003e-02 +8.8888888888888884e-01 -1.5889809307153718e-01 -1.5889807641778544e-01
+4.3397807295689823e-02 +5.5555555555555558e-01 -1.6334477462974090e-01 -1.6334475830767647e-01

+4.4102192704310185e-02 +5.5555555555555558e-01 -1.6592836231991448e-01 -1.6592834574212492e-01
+4.5312500000000006e-02 +8.8888888888888884e-01 -1.7035998203447500e-01 -1.7035996578852788e-01
+4.6522807295689819e-02 +5.5555555555555558e-01 -1.7478174992719825e-01 -1.7478173401443128e-01

+4.7227192704310181e-02 +5.5555555555555558e-01 -1.7735053357148248e-01 -1.7735051740639912e-01
+4.8437500000000001e-02 +8.8888888888888884e-01 -1.8175619398138787e-01 -1.8175617814950859e-01
+4.9647807295689822e-02 +5.5555555555555558e-01 -1.8615134353293594e-01 -1.8615132803560111e-01

+5.0352192704310184e-02 +5.5555555555555558e-01 -1.8870433281633642e-01 -1.8870431707019145e-01
+5.1562500000000004e-02 +8.8888888888888884e-01 -1.9308233545563319e-01 -1.9308232004392561e-01
+5.2772807295689825e-02 +5.5555555555555558e-01 -1.9744917225218878e-01 -1.9744915717626069e-01

+5.3477192704310193e-02 +5.5555555555555558e-01 -1.9998538294873808e-01 -1.9998536762760258e-01
+5.4687500000000000e-02 +8.8888888888888884e-01 -2.0433404001407002e-01 -2.0433402502847575e-01
+5.5897807295689814e-02 +5.5555555555555558e-01 -2.0867088055692143e-01 -2.0867086590821199e-01

+5.6602192704310182e-02 +5.5555555555555558e-01 -2.1118933490911662e-01 -2.1118932001889751e-01
+5.7812500000000003e-02 +8.8888888888888884e-01 -2.1550696991040463e-01 -2.1550695535670114e-01
+5.9022807295689823e-02 +5.5555555555555558e-01 -2.1981214226496743e-01 -2.1981212804912439e-01

+5.9727192704310185e-02 +5.5555555555555558e-01 -2.2231186936071431e-01 -2.2231185490715313e-01
+6.0937500000000006e-02 +8.8888888888888884e-01 -2.2659681776747581e-01 -2.2659680365127430e-01
+6.2147807295689819e-02 +5.5555555555555558e-01 -2.3086866220785468e-01 -2.3086864843035873e-01

+6.2852192704310181e-02 +5.5555555555555558e-01 -2.3334869835477309e-01 -2.3334868434344194e-01
+6.4062499999999994e-02 +8.8888888888888884e-01 -2.3759930823782949e-01 -2.3759929456457254e-01
+6.5272807295689822e-02 +5.5555555555555558e-01 -2.4183617788667472e-01 -2.4183616455283752e-01

+6.5977192704310184e-02 +5.5555555555555558e-01 -2.4429556698361987e-01 -2.4429555341992132e-01
+6.7187500000000011e-02 +8.8888888888888884e-01 -2.4851019965194759e-01 -2.4851018642690684e-01
+6.8397807295689825e-02 +5.5555555555555558e-01 -2.5271046111535689e-01 -2.5271044823031930e-01

+6.9102192704310186e-02 +5.5555555555555558e-01 -2.5514825502101479e-01 -2.5514824191017882e-01
+7.0312500000000000e-02 +8.8888888888888884e-01 -2.5932528565349111e-01 -2.5932527288176560e-01
+7.1522807295689828e-02 +5.5555555555555558e-01 -2.6348731965071531e-01 -2.6348730721944474e-01

+7.2227192704310189e-02 +5.5555555555555558e-01 -2.6590257854912963e-01 -2.6590256589621108e-01
+7.3437500000000017e-02 +8.8888888888888884e-01 -2.7004039682093278e-01 -2.7004038450744666e-01
+7.4647807295689830e-02 +5.5555555555555558e-01 -2.7416259880863791e-01 -2.7416258683592715e-01

+7.5352192704310206e-02 +5.5555555555555558e-01 -2.7655439157152628e-01 -2.7655437938140343e-01
+7.6562500000000006e-02 +8.8888888888888884e-01 -2.8065140227494523e-01 -2.8065139042444592e-01
+7.7772807295689805e-02 +5.5555555555555558e-01 -2.8473218306579567e-01 -2.8473217155626063e-01

+7.8477192704310181e-02 +5.5555555555555558e-01 -2.8709958761151710e-01 -2.8709957588889112e-01
+7.9687499999999994e-02 +8.8888888888888884e-01 -2.9115421127093583e-01 -2.9115419988799329e-01
+8.0897807295689822e-02 +5.5555555555555558e-01 -2.9519199764625564e-01 -2.9519198660433493e-01

+8.1602192704310184e-02 +5.5555555555555558e-01 -2.9753410129529223e-01 -2.9753409004468345e-01
+8.2812500000000011e-02 +8.8888888888888884e-01 -3.0154477477610730e-01 -3.0154476386511031e-01
+8.4022807295689825e-02 +5.5555555555555558e-01 -3.0553801009238635e-01 -3.0553799952233646e-01

+8.4727192704310186e-02 +5.5555555555555558e-01 -3.0785390991919698e-01 -3.0785389914494288e-01
+8.5937500000000000e-02 +8.8888888888888884e-01 -3.1181908703043493e-01 -3.1181907659559005e-01
+8.7147807295689828e-02 +5.5555555555555558e-01 -3.1576623181944402e-01 -3.1576622172534063e-01

+8.7852192704310189e-02 +5.5555555555555558e-01 -3.1805503500055926e-01 -3.1805502470681551e-01
+8.9062500000000017e-02 +8.8888888888888884e-01 -3.2197318709096268e-01 -3.2197317713629514e-01
+9.0272807295689830e-02 +5.5555555555555558e-01 -3.2587271965324899e-01 -3.2587271003898483e-01

+9.0977192704310192e-02 +5.5555555555555558e-01 -3.2813354381147308e-01 -3.2813353400220907e-01
+9.2187500000000006e-02 +8.8888888888888884e-01 -3.3200316035882682e-01 -3.3200315088817389e-01
+9.3397807295689819e-02 +5.5555555555555558e-01 -3.3585357735035631e-01 -3.3585356821963813e-01

+9.4102192704310181e-02 +5.5555555555555558e-01 -3.3808555089493864e-01 -3.3808554157393766e-01
+9.5312499999999994e-02 +8.8888888888888884e-01 -3.4190514008840212e-01 -3.4190513110541698e-01
+9.6522807295689822e-02 +5.5555555555555558e-01 -3.4570495710012922e-01 -3.4570494845647820e-01

+9.7227192704310184e-02 +5.5555555555555558e-01 -3.4790721956278048e-01 -3.4790721073363667e-01
+9.8437500000000011e-02 +8.8888888888888884e-01 -3.5167530887801046e-01 -3.5167530038615680e-01
+9.9647807295689825e-02 +5.5555555555555558e-01 -3.5542306100814464e-01 -3.5542305285489340e-01

+1.0035219270431019e-01 +5.5555555555555558e-01 -3.5759476337476265e-01 -3.5759475504088156e-01
+1.0156250000000000e-01 +8.8888888888888884e-01 -3.6130990014159980e-01 -3.6130989214415254e-01
+1.0277280729568983e-01 +5.5555555555555558e-01 -3.6500414256035341e-01 -3.6500413490064598e-01

+1.0347719270431019e-01 +5.5555555555555558e-01 -3.6714444759833542e-01 -3.6714443976293082e-01
+1.0468750000000002e-01 +8.8888888888888884e-01 -3.7080519956083580e-01 -3.7080519206087853e-01
+1.0589780729568983e-01 +5.5555555555555558e-01 -3.7444450806743318e-01 -3.7444450090422293e-01

+1.0660219270431021e-01 +5.5555555555555558e-01 -3.7655259064844337e-01 -3.7655258331453756e-01
+1.0781250000000001e-01 +8.8888888888888884e-01 -3.8015754651703959e-01 -3.8015753951746523e-01
+1.0902280729568983e-01 +5.5555555555555558e-01 -3.8374051808877435e-01 -3.8374051142482452e-01

+1.0972719270431019e-01 +5.5555555555555558e-01 -3.8581556550684765e-01 -3.8581555867727035e-01
+1.1093749999999999e-01 +8.8888888888888884e-01 -3.8936333550242930e-01 -3.8936332900593856e-01
+1.1214780729568982e-01 +5.5555555555555558e-01 -3.9288858883555544e-01 -3.9288858267343724e-01

+1.1285219270431018e-01 +5.5555555555555558e-01 -3.9492980112041154e-01 -3.9492979479779794e-01
+1.1406250000000001e-01 +8.8888888888888884e-01 -3.9841901751011044e-01 -3.9841901151921039e-01
+1.1527280729568982e-01 +5.5555555555555558e-01 -4.0188519355236296e-01 -4.0188518789445321e-01

+1.1597719270431019e-01 +5.5555555555555558e-01 -4.0389178377780899e-01 -4.0389177796459891e-01
+1.1718750000000000e-01 +8.8888888888888884e-01 -4.0732110140228761e-01 -4.0732109591928878e-01
+1.1839780729568983e-01 +5.5555555555555558e-01 -4.1072686387682056e-01 -4.1072685872530140e-01

+1.1910219270431019e-01 +5.5555555555555558e-01 -4.1269805846412666e-01 -4.1269805316256303e-01
+1.2031250000000002e-01 +8.8888888888888884e-01 -4.1606615525616064e-01 -4.1606615028317884e-01
+1.2152280729568983e-01 +5.5555555555555558e-01 -4.1941019117670864e-01 -4.1941018653356799e-01

+1.2222719270431019e-01 +5.5555555555555558e-01 -4.2134523019283660e-01 -4.2134522540496627e-01
+1.2343750000000001e-01 +8.8888888888888884e-01 -4.2465080768699848e-01 -4.2465080322595322e-01
+1.2464780729568982e-01 +5.5555555555555558e-01 -4.2793182786405798e-01 -4.2793182373108796e-01

+1.2535219270431019e-01 +5.5555555555555558e-01 -4.2982996531463208e-01 -4.2982996104230270e-01
+1.2656250000000002e-01 +8.8888888888888884e-01 -4.3307174914787372e-01 -4.3307174520048658e-01
+1.2777280729568985e-01 +5.5555555555555558e-01 -4.3628848868570969e-01 -4.3628848506450491e-01

+1.2847719270431021e-01 +5.5555555555555558e-01 -4.3814899280260811e-01 -4.3814898904747035e-01
+1.2968750000000001e-01 +8.8888888888888884e-01 -4.4132573320555168e-01 -4.4132572977334761e-01
+1.3089780729568984e-01 +5.5555555555555558e-01 -4.4447695198983911e-01 -4.4447694888179845e-01

+1.3160219270431020e-01 +5.5555555555555558e-01 -4.4629910551330776e-01 -4.4629910227681241e-01
+1.3281250000000000e-01 +8.8888888888888884e-01 -4.4940957779205637e-01 -4.4940957487636141e-01
+1.3402280729568983e-01 +5.5555555555555558e-01 -4.5249406096796840e-01 -4.5249405837429235e-01

+1.3472719270431019e-01 +5.5555555555555558e-01 -4.5427716142313668e-01 -4.5427715870653518e-01
+1.3593749999999999e-01 +8.8888888888888884e-01 -4.5732016643141682e-01 -4.5732016403335829e-01
+1.3714780729568984e-01 +5.5555555555555558e-01 -4.6033672487197330e-01 -4.6033672279366517e-01

+1.3785219270431021e-01 +5.5555555555555558e-01 -4.6208008483967145e-01 -4.6208008264401540e-01
+1.3906250000000001e-01 +8.8888888888888884e-01 -4.6505444944112617e-01 -4.6505444756163294e-01
+1.4027280729568981e-01 +5.5555555555555558e-01 -4.6800192020562620e-01 -4.6800191864349033e-01

+1.4097719270431017e-01 +5.5555555555555558e-01 -4.6970486758739921e-01 -4.6970486591353994e-01
+1.4218750000000002e-01 +8.8888888888888884e-01 -4.7260944510785619e-01 -4.7260944374765640e-01
+1.4339780729568985e-01 +5.5555555555555558e-01 -4.7548669189021214e-01 -4.7548669084485512e-01

+1.4410219270431021e-01 +5.5555555555555558e-01 -4.7714857016742551e-01 -4.7714856901601388e-01
+1.4531250000000001e-01 +8.8888888888888884e-01 -4.7998224083695962e-01 -4.7998223999658313e-01
+1.4652280729568981e-01 +5.5555555555555558e-01 -4.8278815440376688e-01 -4.8278815387559587e-01

+1.4722719270431017e-01 +5.5555555555555558e-01 -4.8440832289070862e-01 -4.8440832226219377e-01
+1.4843750000000000e-01 +8.8888888888888884e-01 -4.8716999427533569e-01 -4.8716999395511135e-01
+1.4964780729568986e-01 +5.5555555555555558e-01 -4.8990349289350182e-01 -4.8990349288272511e-01

+1.5035219270431022e-01 +5.5555555555555558e-01 -4.9148132698437696e-01 -4.9148132687900792e-01
+1.5156250000000002e-01 +8.8888888888888884e-01 -4.9416993440720747e-01 -4.9416993460726538e-01
+1.5277280729568982e-01 +5.5555555555555558e-01 -4.9682996426098114e-01 -4.9682996476760877e-01

+1.5347719270431021e-01 +5.5555555555555558e-01 -4.9836485567071037e-01 -4.9836485608853509e-01
+1.5468750000000001e-01 +8.8888888888888884e-01 -5.0097936262240383e-01 -5.0097936334267301e-01
+1.5589780729568981e-01 +5.5555555555555558e-01 -5.0356489821964101e-01 -5.0356489924348347e-01

+1.5660219270431017e-01 +5.5555555555555558e-01 -5.0505625521836606e-01 -5.0505625615923155e-01
+1.5781250000000002e-01 +8.8888888888888884e-01 -5.0759565375672411e-01 -5.0759565499693438e-01
+1.5902280729568985e-01 +5.5555555555555558e-01 -5.1010569832423425e-01 -5.1010569986490406e-01

+1.5972719270431021e-01 +5.5555555555555558e-01 -5.1155294596544088e-01 -5.1155294742899315e-01
+1.6093750000000001e-01 +8.8888888888888884e-01 -5.1401625710398724e-01 -5.1401625886366908e-01
+1.6214780729568981e-01 +5.5555555555555558e-01 -5.1644984297180963e-01 -5.1644984502872038e-01

+1.6285219270431017e-01 +5.5555555555555558e-01 -5.1785242331397963e-01 -5.1785242529966524e-01
+1.6406250000000000e-01 +8.8888888888888884e-01 -5.2023869739938000e-01 -5.2023869967786507e-01
+1.6527280729568986e-01 +5.5555555555555558e-01 -5.2259488637383766e-01 -5.2259488894620632e-01

+1.6597719270431022e-01 +5.5555555555555558e-01 -5.2395225869554818e-01 -5.2395226120261296e-01
+1.6718750000000002e-01 +8.8888888888888884e-01 -5.2626057577371865e-01 -5.2626057857013897e-01
+1.6839780729568982e-01 +5.5555555555555558e-01 -5.2853845949911049e-01 -5.2853846258595472e-01

+1.6910219270431018e-01 +5.5555555555555558e-01 -5.2985010050748915e-01 -5.2985010353497952e-01
+1.7031250000000001e-01 +8.8888888888888884e-01 -5.3207957067825595e-01 -5.3207957399154571e-01
+1.7152280729568983e-01 +5.5555555555555558e-01 -5.3427827098704450e-01 -5.3427827458718669e-01

+1.7222719270431019e-01 +5.5555555555555558e-01 -5.3554367501951172e-01 -5.3554367856627583e-01
+1.7343750000000002e-01 +8.8888888888888884e-01 -5.3769343877968345e-01 -5.3769344260858121e-01
+1.7464780729568982e-01 +5.5555555555555558e-01 -5.3981210803104474e-01 -5.3981211214311331e-01

+1.7535219270431018e-01 +5.5555555555555558e-01 -5.4103078725025200e-01 -5.4103079131494458e-01
+1.7656250000000001e-01 +8.8888888888888884e-01 -5.4310001582497591e-01 -5.4310002016802839e-01
+1.7777280729568984e-01 +5.5555555555555558e-01 -5.4513783723158327e-01 -5.4513784185401548e-01

+1.7847719270431020e-01 +5.5555555555555558e-01 -5.4630932181349035e-01 -5.4630932639456953e-01
+1.7968750000000000e-01 +8.8888888888888884e-01 -5.4829721747576432e-01 -5.4829722233131928e-01
+1.8089780729568983e-01 +5.5555555555555558e-01 -5.5025340541867784e-01 -5.5025341054970955e-01

+1.8160219270431022e-01 +5.5555555555555558e-01 -5.5137724373367547e-01 -5.5137724882939587e-01
+1.8281250000000002e-01 +8.8888888888888884e-01 -5.5328304011188456e-01 -5.5328304547808671e-01
+1.8402280729568984e-01 +5.5555555555555558e-01 -5.5515684044341818e-01 -5.5515684608108451e-01

+1.8472719270431021e-01 +5.5555555555555558e-01 -5.5623259923043944e-01 -5.5623260483885284e-01
+1.8593750000000001e-01 +8.8888888888888884e-01 -5.5805556160380099e-01 -5.5805556747859786e-01
+1.8714780729568981e-01 +5.5555555555555558e-01 -5.5984625193825366e-01 -5.5984625808040112e-01

+1.8785219270431019e-01 +5.5555555555555558e-01 -5.6087351647179851e-01 -5.6087352259077250e-01
+1.8906250000000002e-01 +8.8888888888888884e-01 -5.6261294205360590e-01 -5.6261294843477272e-01
+1.9027280729568982e-01 +5.5555555555555558e-01 -5.6431983204574998e-01 -5.6431983869006708e-01

+1.9097719270431018e-01 +5.5555555555555558e-01 -5.6529820629576699e-01 -5.6529821292301796e-01
+1.9218750000000001e-01 +8.8888888888888884e-01 -5.6695342450433184e-01 -5.6695343138949883e-01
+1.9339780729568984e-01 +5.5555555555555558e-01 -5.6857585611557626e-01 -5.6857586325959875e-01

+1.9410219270431020e-01 +5.5555555555555558e-01 -5.6950496290015518e-01 -5.6950497003323797e-01
+1.9531250000000000e-01 +8.8888888888888884e-01 -5.7107533561736057e-01 -5.7107534300397234e-01
+1.9652280729568983e-01 +5.5555555555555558e-01 -5.7261268336946103e-01 -5.7261269101050749e-01

+1.9722719270431019e-01 +5.5555555555555558e-01 -5.7349216450026086e-01 -5.7349217213648762e-01
+1.9843750000000002e-01 +8.8888888888888884e-01 -5.7497708631758015e-01 -5.7497709420280174e-01
+1.9964780729568984e-01 +5.5555555555555558e-01 -5.7642875753376899e-01 -5.7642876566885093e-01

+2.0035219270431021e-01 +5.5555555555555558e-01 -5.7725827395409945e-01 -5.7725828209045593e-01
+2.0156250000000001e-01 +8.8888888888888884e-01 -5.7865717240594539e-01 -5.7865718078662642e-01
+2.0277280729568981e-01 +5.5555555555555558e-01 -5.8002260743934619e-01 -5.8002261606520555e-01

+2.0347719270431017e-01 +5.5555555555555558e-01 -5.8080183935482421e-01 -5.8080184798806467e-01
+2.0468750000000002e-01 +8.8888888888888884e-01 -5.8211417513914587e-01 -5.8211418401201498e-01
+2.0589780729568985e-01 +5.5555555555555558e-01 -5.8339284758843035e-01 -5.8339285670183194e-01

+2.0660219270431021e-01 +5.5555555555555558e-01 -5.8412149459020279e-01 -5.8412150371720539e-01
+2.0781250000000001e-01 +8.8888888888888884e-01 -5.8534676177636391e-01 -5.8534677113841660e-01
+2.0902280729568981e-01 +5.5555555555555558e-01 -5.8653817868872926e-01 -5.8653818828680893e-01

+2.0972719270431017e-01 +5.5555555555555558e-01 -5.8721595986933184e-01 -5.8721596948740173e-01
+2.1093750000000000e-01 +8.8888888888888884e-01 -5.8835368609334560e-01 -5.8835369594195930e-01
+2.1214780729568986e-01 +5.5555555555555558e-01 -5.8945738815484461e-01 -5.8945739823493659e-01

+2.1285219270431022e-01 +5.5555555555555558e-01 -5.9008404221670196e-01 -5.9008405232319383e-01
+2.1406250000000002e-01 +8.8888888888888884e-01 -5.9113378886369972e-01 -5.9113379919589182e-01
+2.1527280729568982e-01 +5.5555555555555558e-01 -5.9214935057665330e-01 -5.9214936113521000e-01

+2.1597719270431021e-01 +5.5555555555555558e-01 -5.9272463593302194e-01 -5.9272464652405188e-01
+2.1718750000000001e-01 +8.8888888888888884e-01 -5.9368599830646185e-01 -5.9368600911748781e-01
+2.1839780729568983e-01 +5.5555555555555558e-01 -5.9461302815335459e-01 -5.9461303918468744e-01

+2.1910219270431019e-01 +5.5555555555555558e-01 -5.9513672302129694e-01 -5.9513673409064549e-01
+2.2031250000000002e-01 +8.8888888888888884e-01 -5.9600933049831117e-01 -5.9600934178123932e-01
+2.2152280729568985e-01 +5.5555555555555558e-01 -5.9684747109171066e-01 -5.9684748258858245e-01

+2.2222719270431021e-01 +5.5555555555555558e-01 -5.9731937357685583e-01 -5.9731938511730132e-01
+2.2343750000000001e-01 +8.8888888888888884e-01 -5.9810288974977621e-01 -5.9810290149817746e-01
+2.2464780729568981e-01 +5.5555555555555558e-01 -5.9885181796876175e-01 -5.9885182992642827e-01

+2.2535219270431017e-01 +5.5555555555555558e-01 -5.9927174614230960e-01 -5.9927175815050016e-01
+2.2656250000000000e-01 +8.8888888888888884e-01 -5.9996586894761639e-01 -5.9996588116117899e-01
+2.2777280729568986e-01 +5.5555555555555558e-01 -6.0062529606237247e-01 -6.0062530848417184e-01

+2.2847719270431022e-01 +5.5555555555555558e-01 -6.0099308803148221e-01 -6.0099310051327248e-01
+2.2968750000000002e-01 +8.8888888888888884e-01 -6.0159754986803349e-01 -6.0159756255612007e-01
+2.3089780729568982e-01 +5.5555555555555558e-01 -6.0216722165423331e-01 -6.0216723455206911e-01

+2.3160219270431018e-01 +5.5555555555555558e-01 -6.0248273562670807e-01 -6.0248274859537021e-01
+2.3281250000000001e-01 +8.8888888888888884e-01 -6.0299730346369995e-01 -6.0299731663876255e-01
+2.3402280729568983e-01 +5.5555555555555558e-01 -6.0347700030589535e-01 -6.0347701368826923e-01

+2.3472719270431019e-01 +5.5555555555555558e-01 -6.0374011464824573e-01 -6.0374012810910105e-01
+2.3593750000000002e-01 +8.8888888888888884e-01 -6.0416459011976520e-01 -6.0416460377726222e-01
+2.3714780729568982e-01 +5.5555555555555558e-01 -6.0455412709916323e-01 -6.0455414094798254e-01

+2.3785219270431018e-01 +5.5555555555555558e-01 -6.0476474038473882e-01 -6.0476475431072707e-01
+2.3906250000000001e-01 +8.8888888888888884e-01 -6.0509895986464435e-01 -6.0509897396020662e-01
+2.4027280729568984e-01 +5.5555555555555558e-01 -6.0539818682473356e-01 -6.0539820107814601e-01

+2.4097719270431020e-01 +5.5555555555555558e-01 -6.0555621786803093e-01 -6.0555623218734289e-01
+2.4218750000000000e-01 +8.8888888888888884e-01 -6.0580005252028868e-01 -6.0580006697010391e-01
+2.4339780729568983e-01 +5.5555555555555558e-01 -6.0600885410798599e-01 -6.0600886867751236e-01

+2.4410219270431022e-01 +5.5555555555555558e-01 -6.0611424198493313e-01 -6.0611425660916052e-01
+2.4531250000000002e-01 +8.8888888888888884e-01 -6.0626759779341732e-01 -6.0626761252225270e-01
+2.4652280729568984e-01 +5.5555555555555558e-01 -6.0638589348515881e-01 -6.0638590832209716e-01

+2.4722719270431021e-01 +5.5555555555555558e-01 -6.0643859754747398e-01 -6.0643861244714303e-01
+2.4843750000000001e-01 +8.8888888888888884e-01 -6.0650141534380997e-01 -6.0650143036894244e-01
+2.4964780729568981e-01 +5.5555555555555558e-01 -6.0652915948207820e-01 -6.0652917465594036e-01

+2.5035219270431019e-01 +5.5555555555555558e-01 -6.0652915938285601e-01 -6.0652917465594036e-01
+2.5156250000000002e-01 +8.8888888888888884e-01 -6.0650141490607656e-01 -6.0650143036894244e-01
+2.5277280729568979e-01 +5.5555555555555558e-01 -6.0643859677327161e-01 -6.0643861244714303e-01

+2.5347719270431018e-01 +5.5555555555555558e-01 -6.0638589251630537e-01 -6.0638590832209716e-01
+2.5468750000000001e-01 +8.8888888888888884e-01 -6.0626759649291295e-01 -6.0626761252225259e-01
+2.5589780729568984e-01 +5.5555555555555558e-01 -6.0611424035626382e-01 -6.0611425660916052e-01

+2.5660219270431023e-01 +5.5555555555555558e-01 -6.0600885229034263e-01 -6.0600886867751225e-01
+2.5781250000000000e-01 +8.8888888888888884e-01 -6.0580005037907658e-01 -6.0580006697010391e-01
+2.5902280729568983e-01 +5.5555555555555558e-01 -6.0555621540521065e-01 -6.0555623218734289e-01

+2.5972719270431022e-01 +5.5555555555555558e-01 -6.0539818417569102e-01 -6.0539820107814601e-01
+2.6093750000000004e-01 +8.8888888888888884e-01 -6.0509895689554538e-01 -6.0509897396020662e-01
+2.6214780729568982e-01 +5.5555555555555558e-01 -6.0476473709563361e-01 -6.0476475431072707e-01

+2.6285219270431021e-01 +5.5555555555555558e-01 -6.0455412362368044e-01 -6.0455414094798254e-01
+2.6406249999999998e-01 +8.8888888888888884e-01 -6.0416458632348946e-01 -6.0416460377726222e-01
+2.6527280729568981e-01 +5.5555555555555558e-01 -6.0374011053035104e-01 -6.0374012810910105e-01

+2.6597719270431019e-01 +5.5555555555555558e-01 -6.0347699600028992e-01 -6.0347701368826923e-01
+2.6718750000000002e-01 +8.8888888888888884e-01 -6.0299729883518260e-01 -6.0299731663876255e-01
+2.6839780729568979e-01 +5.5555555555555558e-01 -6.0248273067463454e-01 -6.0248274859537032e-01

+2.6910219270431018e-01 +5.5555555555555558e-01 -6.0216721651350635e-01 -6.0216723455206911e-01
+2.7031250000000001e-01 +8.8888888888888884e-01 -6.0159754440317914e-01 -6.0159756255612007e-01
+2.7152280729568984e-01 +5.5555555555555558e-01 -6.0099308224246184e-01 -6.0099310051327248e-01

+2.7222719270431023e-01 +5.5555555555555558e-01 -6.0062529008470811e-01 -6.0062530848417173e-01
+2.7343750000000000e-01 +8.8888888888888884e-01 -5.9996586264613128e-01 -5.9996588116117899e-01
+2.7464780729568983e-01 +5.5555555555555558e-01 -5.9927173951743640e-01 -5.9927175815050004e-01

+2.7535219270431022e-01 +5.5555555555555558e-01 -5.9885181115593911e-01 -5.9885182992642827e-01
+2.7656250000000004e-01 +8.8888888888888884e-01 -5.9810288261441635e-01 -5.9810290149817746e-01
+2.7777280729568982e-01 +5.5555555555555558e-01 -5.9731936611954906e-01 -5.9731938511730132e-01

+2.7847719270431021e-01 +5.5555555555555558e-01 -5.9684746344734674e-01 -5.9684748258858245e-01
+2.7968749999999998e-01 +8.8888888888888884e-01 -5.9600932253292405e-01 -5.9600934178123932e-01
+2.8089780729568981e-01 +5.5555555555555558e-01 -5.9513671473543794e-01 -5.9513673409064538e-01

+2.8160219270431019e-01 +5.5555555555555558e-01 -5.9461301968125124e-01 -5.9461303918468744e-01
+2.8281250000000002e-01 +8.8888888888888884e-01 -5.9368598951471152e-01 -5.9368600911748781e-01
+2.8402280729568979e-01 +5.5555555555555558e-01 -5.9272462682211824e-01 -5.9272464652405188e-01

+2.8472719270431013e-01 +5.5555555555555558e-01 -5.9214934128023033e-01 -5.9214936113521011e-01
+2.8593750000000001e-01 +8.8888888888888884e-01 -5.9113377924890442e-01 -5.9113379919589171e-01
+2.8714780729568989e-01 +5.5555555555555558e-01 -5.9008403228403838e-01 -5.9008405232319383e-01

+2.8785219270431023e-01 +5.5555555555555558e-01 -5.8945737803741638e-01 -5.8945739823493648e-01
+2.8906250000000000e-01 +8.8888888888888884e-01 -5.8835367565889674e-01 -5.8835369594195930e-01
+2.9027280729568983e-01 +5.5555555555555558e-01 -5.8721594911843433e-01 -5.8721596948740173e-01

+2.9097719270431022e-01 +5.5555555555555558e-01 -5.8653816775393108e-01 -5.8653818828680893e-01
+2.9218750000000004e-01 +8.8888888888888884e-01 -5.8534675052608409e-01 -5.8534677113841660e-01
+2.9339780729568982e-01 +5.5555555555555558e-01 -5.8412148302509048e-01 -5.8412150371720528e-01

+2.9410219270431021e-01 +5.5555555555555558e-01 -5.8339283584039714e-01 -5.8339285670183194e-01
+2.9531249999999998e-01 +8.8888888888888884e-01 -5.8211416307735597e-01 -5.8211418401201487e-01
+2.9652280729568981e-01 +5.5555555555555558e-01 -5.8080182697998406e-01 -5.8080184798806456e-01

+2.9722719270431019e-01 +5.5555555555555558e-01 -5.8002259488265007e-01 -5.8002261606520555e-01
+2.9843750000000002e-01 +8.8888888888888884e-01 -5.7865715953735297e-01 -5.7865718078662642e-01
+2.9964780729568991e-01 +5.5555555555555558e-01 -5.7725826077436104e-01 -5.7725828209045582e-01

+3.0035219270431024e-01 +5.5555555555555558e-01 -5.7642874417329992e-01 -5.7642876566885071e-01
+3.0156250000000007e-01 +8.8888888888888884e-01 -5.7497707264718156e-01 -5.7497709420280152e-01
+3.0277280729568989e-01 +5.5555555555555558e-01 -5.7349215052072244e-01 -5.7349217213648751e-01

+3.0347719270431023e-01 +5.5555555555555558e-01 -5.7261266921037590e-01 -5.7261269101050749e-01
+3.0468750000000000e-01 +8.8888888888888884e-01 -5.7107532115041770e-01 -5.7107534300397234e-01
+3.0589780729568983e-01 +5.5555555555555558e-01 -5.6950494812618735e-01 -5.6950497003323797e-01

+3.0660219270431022e-01 +5.5555555555555558e-01 -5.6857584116331339e-01 -5.6857586325959875e-01
+3.0781250000000004e-01 +8.8888888888888884e-01 -5.6695340924639903e-01 -5.6695343138949872e-01
+3.0902280729568982e-01 +5.5555555555555558e-01 -5.6529819073304477e-01 -5.6529821292301785e-01

+3.0972719270431015e-01 +5.5555555555555558e-01 -5.6431981630605577e-01 -5.6431983869006708e-01
+3.1093749999999998e-01 +8.8888888888888884e-01 -5.6261292601055168e-01 -5.6261294843477261e-01
+3.1214780729568981e-01 +5.5555555555555558e-01 -5.6087350012631276e-01 -5.6087352259077250e-01

+3.1285219270431014e-01 +5.5555555555555558e-01 -5.5984623541719014e-01 -5.5984625808040112e-01
+3.1406250000000002e-01 +8.8888888888888884e-01 -5.5805554478180952e-01 -5.5805556747859775e-01
+3.1527280729568985e-01 +5.5555555555555558e-01 -5.5623258210849169e-01 -5.5623260483885262e-01

+3.1597719270431024e-01 +5.5555555555555558e-01 -5.5515682314735448e-01 -5.5515684608108429e-01
+3.1718750000000007e-01 +8.8888888888888884e-01 -5.5328302251743966e-01 -5.5328304547808649e-01
+3.1839780729568984e-01 +5.5555555555555558e-01 -5.5137722584186721e-01 -5.5137724882939587e-01

+3.1910219270431023e-01 +5.5555555555555558e-01 -5.5025338735428275e-01 -5.5025341054970955e-01
+3.2031250000000000e-01 +8.8888888888888884e-01 -5.4829719911564978e-01 -5.4829722233131928e-01
+3.2152280729568983e-01 +5.5555555555555558e-01 -5.4630930315871862e-01 -5.4630932639456953e-01

+3.2222719270431022e-01 +5.5555555555555558e-01 -5.4513781840581932e-01 -5.4513784185401537e-01
+3.2343750000000004e-01 +8.8888888888888884e-01 -5.4309999670626796e-01 -5.4310002016802827e-01
+3.2464780729568982e-01 +5.5555555555555558e-01 -5.4103076783970594e-01 -5.4103079131494447e-01

+3.2535219270431015e-01 +5.5555555555555558e-01 -5.3981208845116713e-01 -5.3981211214311331e-01
+3.2656249999999998e-01 +8.8888888888888884e-01 -5.3769341890975053e-01 -5.3769344260858121e-01
+3.2777280729568986e-01 +5.5555555555555558e-01 -5.3554365486067201e-01 -5.3554367856627572e-01

+3.2847719270431019e-01 +5.5555555555555558e-01 -5.3427825066059964e-01 -5.3427827458718669e-01
+3.2968750000000002e-01 +8.8888888888888884e-01 -5.3207955006475594e-01 -5.3207957399154571e-01
+3.3089780729568985e-01 +5.5555555555555558e-01 -5.2985007960812569e-01 -5.2985010353497952e-01

+3.3160219270431024e-01 +5.5555555555555558e-01 -5.2853843843393278e-01 -5.2853846258595449e-01
+3.3281250000000007e-01 +8.8888888888888884e-01 -5.2626055442459707e-01 -5.2626057857013875e-01
+3.3402280729568984e-01 +5.5555555555555558e-01 -5.2395223706371685e-01 -5.2395226120261285e-01

+3.3472719270431023e-01 +5.5555555555555558e-01 -5.2259486457804749e-01 -5.2259488894620609e-01
+3.3593750000000000e-01 +8.8888888888888884e-01 -5.2023867532286672e-01 -5.2023869967786507e-01
+3.3714780729568983e-01 +5.5555555555555558e-01 -5.1785240095801888e-01 -5.1785242529966524e-01

+3.3785219270431022e-01 +5.5555555555555558e-01 -5.1644982045380738e-01 -5.1644984502872038e-01
+3.3906250000000004e-01 +8.8888888888888884e-01 -5.1401623430859023e-01 -5.1401625886366897e-01
+3.4027280729568987e-01 +5.5555555555555558e-01 -5.1155292289396748e-01 -5.1155294742899293e-01

+3.4097719270431021e-01 +5.5555555555555558e-01 -5.1010567509270077e-01 -5.1010569986490384e-01
+3.4218749999999998e-01 +8.8888888888888884e-01 -5.0759563025123156e-01 -5.0759565499693426e-01
+3.4339780729568981e-01 +5.5555555555555558e-01 -5.0505623144027478e-01 -5.0505625615923144e-01

+3.4410219270431019e-01 +5.5555555555555558e-01 -5.0356487428353180e-01 -5.0356489924348347e-01
+3.4531250000000002e-01 +8.8888888888888884e-01 -5.0097933841587772e-01 -5.0097936334267301e-01
+3.4652280729568985e-01 +5.5555555555555558e-01 -4.9836483119516695e-01 -4.9836485608853498e-01

+3.4722719270431024e-01 +5.5555555555555558e-01 -4.9682993962952332e-01 -4.9682996476760849e-01
+3.4843750000000007e-01 +8.8888888888888884e-01 -4.9416990950897843e-01 -4.9416993460726499e-01
+3.4964780729568984e-01 +5.5555555555555558e-01 -4.9148130182081656e-01 -4.9148132687900770e-01

+3.5035219270431023e-01 +5.5555555555555558e-01 -4.8990346757619013e-01 -4.8990349288272494e-01
+3.5156250000000000e-01 +8.8888888888888884e-01 -4.8716996869500140e-01 -4.8716999395511129e-01
+3.5277280729568983e-01 +5.5555555555555558e-01 -4.8440829704883132e-01 -4.8440832226219377e-01

+3.5347719270431016e-01 +5.5555555555555558e-01 -4.8278812841036112e-01 -4.8278815387559593e-01
+3.5468750000000004e-01 +8.8888888888888884e-01 -4.7998221458438117e-01 -4.7998223999658285e-01
+3.5589780729568987e-01 +5.5555555555555558e-01 -4.7714854365719339e-01 -4.7714856901601371e-01

+3.5660219270431021e-01 +5.5555555555555558e-01 -4.7548666523073274e-01 -4.7548669084485490e-01
+3.5781249999999998e-01 +8.8888888888888884e-01 -4.7260941819315461e-01 -4.7260944374765640e-01
+3.5902280729568981e-01 +5.5555555555555558e-01 -4.6970484041903177e-01 -4.6970486591353988e-01

+3.5972719270431019e-01 +5.5555555555555558e-01 -4.6800189289035016e-01 -4.6800191864349033e-01
+3.6093750000000002e-01 +8.8888888888888884e-01 -4.6505442187467660e-01 -4.6505444756163283e-01
+3.6214780729568985e-01 +5.5555555555555558e-01 -4.6208005702364197e-01 -4.6208008264401523e-01

+3.6285219270431024e-01 +5.5555555555555558e-01 -4.6033669691143070e-01 -4.6033672279366478e-01
+3.6406250000000007e-01 +8.8888888888888884e-01 -4.5732013822384610e-01 -4.5732016403335812e-01
+3.6527280729568984e-01 +5.5555555555555558e-01 -4.5427713297016925e-01 -4.5427715870653501e-01

+3.6597719270431017e-01 +5.5555555555555558e-01 -4.5249403237293939e-01 -4.5249405837429235e-01
+3.6718750000000000e-01 +8.8888888888888884e-01 -4.4940954895424046e-01 -4.4940957487636152e-01
+3.6839780729568988e-01 +5.5555555555555558e-01 -4.4629907643437211e-01 -4.4629910227681213e-01

+3.6910219270431022e-01 +5.5555555555555558e-01 -4.4447692277134776e-01 -4.4447694888179823e-01
+3.7031250000000004e-01 +8.8888888888888884e-01 -4.4132570374860691e-01 -4.4132572977334733e-01
+3.7152280729568987e-01 +5.5555555555555558e-01 -4.3814896310891366e-01 -4.3814898904746996e-01

+3.7222719270431021e-01 +5.5555555555555558e-01 -4.3628845885501877e-01 -4.3628848506450468e-01
+3.7343749999999998e-01 +8.8888888888888884e-01 -4.3307171908315512e-01 -4.3307174520048658e-01
+3.7464780729568981e-01 +5.5555555555555558e-01 -4.2982993501762451e-01 -4.2982996104230270e-01

+3.7535219270431019e-01 +5.5555555555555558e-01 -4.2793179743266652e-01 -4.2793182373108785e-01
+3.7656250000000002e-01 +8.8888888888888884e-01 -4.2465077702609555e-01 -4.2465080322595306e-01
+3.7777280729568985e-01 +5.5555555555555558e-01 -4.2134519930419567e-01 -4.2134522540496605e-01

+3.7847719270431024e-01 +5.5555555555555558e-01 -4.1941016015634786e-01 -4.1941018653356782e-01
+3.7968750000000007e-01 +8.8888888888888884e-01 -4.1606612401089405e-01 -4.1606615028317850e-01
+3.8089780729568984e-01 +5.5555555555555558e-01 -4.1269802699576036e-01 -4.1269805316256281e-01

+3.8160219270431017e-01 +5.5555555555555558e-01 -4.1072683227944973e-01 -4.1072685872530140e-01
+3.8281250000000000e-01 +8.8888888888888884e-01 -4.0732106958470260e-01 -4.0732109591928861e-01
+3.8402280729568988e-01 +5.5555555555555558e-01 -4.0389175174184944e-01 -4.0389177796459863e-01

+3.8472719270431022e-01 +5.5555555555555558e-01 -4.0188516139016406e-01 -4.0188518789445299e-01
+3.8593750000000004e-01 +8.8888888888888884e-01 -3.9841898513247376e-01 -3.9841901151921016e-01
+3.8714780729568982e-01 +5.5555555555555558e-01 -3.9492976852920914e-01 -3.9492979479779794e-01

+3.8785219270431021e-01 +5.5555555555555558e-01 -3.9288855612092705e-01 -3.9288858267343707e-01
+3.8906249999999998e-01 +8.8888888888888884e-01 -3.8936330257722229e-01 -3.8936332900593862e-01
+3.9027280729568981e-01 +5.5555555555555558e-01 -3.8581553237296623e-01 -3.8581555867727019e-01

+3.9097719270431019e-01 +5.5555555555555558e-01 -3.8374048483432766e-01 -3.8374051142482440e-01
+3.9218750000000002e-01 +8.8888888888888884e-01 -3.8015751305695522e-01 -3.8015753951746517e-01
+3.9339780729568985e-01 +5.5555555555555558e-01 -3.7655255698465645e-01 -3.7655258331453728e-01

+3.9410219270431024e-01 +5.5555555555555558e-01 -3.7444447428598926e-01 -3.7444450090422277e-01
+3.9531250000000007e-01 +8.8888888888888884e-01 -3.7080516557877441e-01 -3.7080519206087820e-01
+3.9652280729568989e-01 +5.5555555555555558e-01 -3.6714441341762172e-01 -3.6714443976293049e-01

+3.9722719270431023e-01 +5.5555555555555558e-01 -3.6500410826493535e-01 -3.6500413490064576e-01
+3.9843750000000000e-01 +8.8888888888888884e-01 -3.6130986565066114e-01 -3.6130989214415249e-01
+3.9964780729568983e-01 +5.5555555555555558e-01 -3.5759472869029812e-01 -3.5759475504088151e-01

+4.0035219270431022e-01 +5.5555555555555558e-01 -3.5542302621197247e-01 -3.5542305285489312e-01
+4.0156250000000004e-01 +8.8888888888888884e-01 -3.5167527389149100e-01 -3.5167530038615663e-01
+4.0277280729568982e-01 +5.5555555555555558e-01 -3.4790718438793633e-01 -3.4790721073363667e-01

+4.0347719270431021e-01 +5.5555555555555558e-01 -3.4570492181661827e-01 -3.4570494845647787e-01
+4.0468749999999998e-01 +8.8888888888888884e-01 -3.4190510461978973e-01 -3.4190513110541687e-01
+4.0589780729568981e-01 +5.5555555555555558e-01 -3.3808551524327612e-01 -3.3808554157393750e-01

+4.0660219270431019e-01 +5.5555555555555558e-01 -3.3585354159310882e-01 -3.3585356821963813e-01
+4.0781250000000002e-01 +8.8888888888888884e-01 -3.3200312442179503e-01 -3.3200315088817389e-01
+4.0902280729568985e-01 +5.5555555555555558e-01 -3.2813350769673549e-01 -3.2813353400220896e-01

+4.0972719270431018e-01 +5.5555555555555558e-01 -3.2587268343604942e-01 -3.2587271003898460e-01
+4.1093750000000007e-01 +8.8888888888888884e-01 -3.2197315069936572e-01 -3.2197317713629459e-01
+4.1214780729568989e-01 +5.5555555555555558e-01 -3.1805499843666907e-01 -3.1805502470681507e-01

+4.1285219270431023e-01 +5.5555555555555558e-01 -3.1576619515625370e-01 -3.1576622172534036e-01
+4.1406250000000000e-01 +8.8888888888888884e-01 -3.1181905019830092e-01 -3.1181907659558994e-01
+4.1527280729568983e-01 +5.5555555555555558e-01 -3.0785387292024979e-01 -3.0785389914494288e-01

+4.1597719270431022e-01 +5.5555555555555558e-01 -3.0553797299734009e-01 -3.0553799952233623e-01
+4.1718750000000004e-01 +8.8888888888888884e-01 -3.0154473751763700e-01 -3.0154476386510992e-01
+4.1839780729568982e-01 +5.5555555555555558e-01 -2.9753406387555265e-01 -2.9753409004468329e-01

+4.1910219270431021e-01 +5.5555555555555558e-01 -2.9519196013365467e-01 -2.9519198660433466e-01
+4.2031249999999998e-01 +8.8888888888888884e-01 -2.9115417360049300e-01 -2.9115419988799324e-01
+4.2152280729568981e-01 +5.5555555555555558e-01 -2.8709954978541075e-01 -2.8709957588889112e-01

+4.2222719270431019e-01 +5.5555555555555558e-01 -2.8473214515010098e-01 -2.8473217155626063e-01
+4.2343750000000002e-01 +8.8888888888888884e-01 -2.8065136420705161e-01 -2.8065139042444570e-01
+4.2464780729568991e-01 +5.5555555555555558e-01 -2.7655435335363543e-01 -2.7655437938140309e-01

+4.2535219270431024e-01 +5.5555555555555558e-01 -2.7416256050446752e-01 -2.7416258683592687e-01
+4.2656250000000007e-01 +8.8888888888888884e-01 -2.7004035837026563e-01 -2.7004038450744616e-01
+4.2777280729568989e-01 +5.5555555555555558e-01 -2.6590253995418928e-01 -2.6590256589621064e-01

+4.2847719270431023e-01 +5.5555555555555558e-01 -2.6348728097283636e-01 -2.6348730721944458e-01
+4.2968750000000000e-01 +8.8888888888888884e-01 -2.5932524683487324e-01 -2.5932527288176560e-01
+4.3089780729568983e-01 +5.5555555555555558e-01 -2.5514821606390287e-01 -2.5514824191017860e-01

+4.3160219270431022e-01 +5.5555555555555558e-01 -2.5271042207867922e-01 -2.5271044823031896e-01
+4.3281250000000004e-01 +8.8888888888888884e-01 -2.4851016048034341e-01 -2.4851018642690653e-01
+4.3402280729568982e-01 +5.5555555555555558e-01 -2.4429552767935442e-01 -2.4429555341992121e-01

+4.3472719270431015e-01 +5.5555555555555558e-01 -2.4183613850624797e-01 -2.4183616455283743e-01
+4.3593749999999998e-01 +8.8888888888888884e-01 -2.3759926872834097e-01 -2.3759929456457254e-01
+4.3714780729568986e-01 +5.5555555555555558e-01 -2.3334865871850752e-01 -2.3334868434344175e-01

+4.3785219270431019e-01 +5.5555555555555558e-01 -2.3086862249886098e-01 -2.3086864843035856e-01
+4.3906250000000002e-01 +8.8888888888888884e-01 -2.2659677793533428e-01 -2.2659680365127416e-01
+4.4027280729568985e-01 +5.5555555555555558e-01 -2.2231182940772867e-01 -2.2231185490715283e-01

+4.4097719270431024e-01 +5.5555555555555558e-01 -2.1981210224271480e-01 -2.1981212804912414e-01
+4.4218750000000007e-01 +8.8888888888888884e-01 -2.1550692977096603e-01 -2.1550695535670089e-01
+4.4339780729568984e-01 +5.5555555555555558e-01 -2.1118929465481306e-01 -2.1118932001889756e-01

+4.4410219270431023e-01 +5.5555555555555558e-01 -2.0867084023683902e-01 -2.0867086590821185e-01
+4.4531250000000000e-01 +8.8888888888888884e-01 -2.0433399958280835e-01 -2.0433402502847559e-01
+4.4652280729568983e-01 +5.5555555555555558e-01 -1.9998534240863533e-01 -1.9998536762760247e-01

+4.4722719270431022e-01 +5.5555555555555558e-01 -1.9744913164982056e-01 -1.9744915717626038e-01
+4.4843750000000004e-01 +8.8888888888888884e-01 -1.9308229474813560e-01 -1.9308232004392537e-01
+4.4964780729568982e-01 +5.5555555555555558e-01 -1.8870429200606351e-01 -1.8870431707019142e-01

+4.5035219270431015e-01 +5.5555555555555558e-01 -1.8615130266393506e-01 -1.8615132803560108e-01
+4.5156249999999998e-01 +8.8888888888888884e-01 -1.8175615301334780e-01 -1.8175617814950865e-01
+4.5277280729568986e-01 +5.5555555555555558e-01 -1.7735049250677246e-01 -1.7735051740639876e-01

+4.5347719270431019e-01 +5.5555555555555558e-01 -1.7478170880732019e-01 -1.7478173401443117e-01
+4.5468750000000002e-01 +8.8888888888888884e-01 -1.7035994082168610e-01 -1.7035996578852780e-01
+4.5589780729568985e-01 +5.5555555555555558e-01 -1.6592832101659805e-01 -1.6592834574212467e-01

+4.5660219270431024e-01 +5.5555555555555558e-01 -1.6334473327483756e-01 -1.6334475830767628e-01
+4.5781250000000007e-01 +8.8888888888888884e-01 -1.5889805162988713e-01 -1.5889807641778528e-01
+4.5902280729568984e-01 +5.5555555555555558e-01 -1.5444218100008103e-01 -1.5444220554197652e-01

+4.5972719270431023e-01 +5.5555555555555558e-01 -1.5184478523826814e-01 -1.5184481008718437e-01
+4.6093750000000000e-01 +8.8888888888888884e-01 -1.4737490421442204e-01 -1.4737492881382100e-01
+4.6214780729568983e-01 +5.5555555555555558e-01 -1.4289650058284695e-01 -1.4289652493165012e-01

+4.6285219270431022e-01 +5.5555555555555558e-01 -1.4028629814649188e-01 -1.4028632280190570e-01
+4.6406250000000004e-01 +8.8888888888888884e-01 -1.3579494096797259e-01 -1.3579496536938851e-01
+4.6527280729568987e-01 +5.5555555555555558e-01 -1.3129573084447865e-01 -1.3129575499080268e-01

+4.6597719270431021e-01 +5.5555555555555558e-01 -1.2867372801630844e-01 -1.2867375246871465e-01
+4.6718749999999998e-01 +8.8888888888888884e-01 -1.2416262618680496e-01 -1.2416265038083119e-01
+4.6839780729568981e-01 +5.5555555555555558e-01 -1.1964434410254075e-01 -1.1964436803707773e-01

+4.6910219270431019e-01 +5.5555555555555558e-01 -1.1701155171455792e-01 -1.1701157595453007e-01
+4.7031250000000002e-01 +8.8888888888888884e-01 -1.1248244434969812e-01 -1.1248246832700753e-01
+4.7152280729568985e-01 +5.5555555555555558e-01 -1.0794683218841648e-01 -1.0794685590193941e-01

+4.7222719270431024e-01 +5.5555555555555558e-01 -1.0530426523220474e-01 -1.0530428925039763e-01
+4.7343750000000007e-01 +8.8888888888888884e-01 -1.0075889838909313e-01 -1.0075892214044214e-01
+4.7464780729568984e-01 +5.5555555555555558e-01 -9.6207704715621442e-02 -9.6207728198988762e-02

+4.7535219270431023e-01 +5.5555555555555558e-01 -9.3556381951046055e-02 -9.3556405738200565e-02
+4.7656250000000000e-01 +8.8888888888888884e-01 -8.8996507955125398e-02 -8.8996531471358262e-02
+4.7777280729568983e-01 +5.5555555555555558e-01 -8.4431487341260561e-02 -8.4431510585419547e-02

+4.7847719270431016e-01 +5.5555555555555558e-01 -8.1772430903717927e-02 -8.1772454450664028e-02
+4.7968750000000004e-01 +8.8888888888888884e-01 -7.7199807673214771e-02 -7.7199830945265335e-02
+4.8089780729568987e-01 +5.5555555555555558e-01 -7.2622720021302462e-02 -7.2622743017292171e-02

+4.8160219270431021e-01 +5.5555555555555558e-01 -6.9956955027667148e-02 -6.9956978325326505e-02
+4.8281249999999998e-01 +8.8888888888888884e-01 -6.5373345395880564e-02 -6.5373368414777436e-02
+4.8402280729568981e-01 +5.5555555555555558e-01 -6.0785955260339225e-02 -6.0785977999294923e-02

+4.8472719270431019e-01 +5.5555555555555558e-01 -5.8114509413761603e-02 -5.8114532453152824e-02
+4.8593750000000002e-01 +8.8888888888888884e-01 -5.3521680449457473e-02 -5.3521703206326272e-02
+4.8714780729568985e-01 +5.5555555555555558e-01 -4.8925756356509129e-02 -4.8925778829664542e-02

+4.8785219270431024e-01 +5.5555555555555558e-01 -4.6249659550216836e-02 -4.6249682322457540e-02
+4.8906250000000007e-01 +8.8888888888888884e-01 -4.1649381876389224e-02 -4.1649404362456871e-02
+4.9027280729568984e-01 +5.5555555555555558e-01 -3.7046695642259035e-02 -3.7046717840950746e-02

+4.9097719270431017e-01 +5.5555555555555558e-01 -3.4366979562512959e-02 -3.4367002058824418e-02
+4.9218750000000000e-01 +8.8888888888888884e-01 -2.9761026673775295e-02 -2.9761048880373495e-02
+4.9339780729568988e-01 +5.5555555555555558e-01 -2.5153352721622477e-02 -2.5153374637292544e-02

+4.9410219270431022e-01 +5.5555555555555558e-01 -2.2471050449982467e-02 -2.2471072661691398e-02
+4.9531250000000004e-01 +8.8888888888888884e-01 -1.7861198028851517e-02 -1.7861219947418849e-02
+4.9652280729568987e-01 +5.5555555555555558e-01 -1.3250312704695576e-02 -1.3250334328895505e-02

+4.9722719270431021e-01 +5.5555555555555558e-01 -1.0566458319747646e-02 -1.0566480238291086e-02
+4.9843749999999998e-01 +8.8888888888888884e-01 -5.9544835520841093e-03 -5.9545051741710341e-03
+4.9964780729568981e-01 +5.5555555555555558e-01 -1.3421644399894592e-03 -1.3421857643832365e-03

+5.0035219270431019e-01 +5.5555555555555558e-01 +1.3422073813113221e-03 +1.3421857643832365e-03
+5.0156250000000002e-01 +8.8888888888888884e-01 +5.9545264914417136e-03 +5.9545051741710341e-03
+5.0277280729568985e-01 +5.5555555555555558e-01 +1.0566501254657849e-02 +1.0566480238291296e-02

+5.0347719270431024e-01 +5.5555555555555558e-01 +1.3250355635874398e-02 +1.3250334328895929e-02
+5.0468749999999996e-01 +8.8888888888888884e-01 +1.7861240951655220e-02 +1.7861219947418849e-02
+5.0589780729568978e-01 +5.5555555555555558e-01 +2.2471093361928884e-02 +2.2471072661691398e-02

+5.0660219270431017e-01 +5.5555555555555558e-01 +2.5153395626107650e-02 +2.5153374637292756e-02
+5.0781250000000000e-01 +8.8888888888888884e-01 +2.9761069563477766e-02 +2.9761048880373495e-02
+5.0902280729568983e-01 +5.5555555555555558e-01 +3.4367022434952488e-02 +3.4367002058824418e-02

+5.0972719270431022e-01 +5.5555555555555558e-01 +3.7046738503510340e-02 +3.7046717840950961e-02
+5.1093750000000004e-01 +8.8888888888888884e-01 +4.1649424716455885e-02 +4.1649404362457287e-02
+5.1214780729568987e-01 +5.5555555555555558e-01 +4.6249702366621390e-02 +4.6249682322457963e-02

+5.1285219270431026e-01 +5.5555555555555558e-01 +4.8925799158002624e-02 +4.8925778829664958e-02
+5.1406250000000009e-01 +8.8888888888888884e-01 +5.3521723223372425e-02 +5.3521703206326696e-02
+5.1527280729568981e-01 +5.5555555555555558e-01 +5.8114552157624566e-02 +5.8114532453152824e-02

+5.1597719270431019e-01 +5.5555555555555558e-01 +6.0785997985574249e-02 +6.0785977999294923e-02
+5.1718750000000002e-01 +8.8888888888888884e-01 +6.5373388087154038e-02 +6.5373368414777436e-02
+5.1839780729568985e-01 +5.5555555555555558e-01 +6.9956997682510152e-02 +6.9956978325326727e-02

+5.1910219270431024e-01 +5.5555555555555558e-01 +7.2622762653807613e-02 +7.2622743017292588e-02
+5.2031249999999996e-01 +8.8888888888888884e-01 +7.7199850265388253e-02 +7.7199830945265335e-02
+5.2152280729568978e-01 +5.5555555555555558e-01 +8.1772473453096781e-02 +8.1772454450663834e-02

+5.2222719270431017e-01 +5.5555555555555558e-01 +8.4431529864600549e-02 +8.4431510585419547e-02
+5.2343750000000000e-01 +8.8888888888888884e-01 +8.8996550431779314e-02 +8.8996531471358262e-02
+5.2464780729568983e-01 +5.5555555555555558e-01 +9.3556424378557490e-02 +9.3556405738200774e-02

+5.2535219270431022e-01 +5.5555555555555558e-01 +9.6207747113402797e-02 +9.6207728198988943e-02
+5.2656250000000004e-01 +8.8888888888888884e-01 +1.0075894073385183e-01 +1.0075892214044257e-01
+5.2777280729568987e-01 +5.5555555555555558e-01 +1.0530430752149203e-01 +1.0530428925039804e-01

+5.2847719270431026e-01 +5.5555555555555558e-01 +1.0794687444429399e-01 +1.0794685590193982e-01
+5.2968750000000009e-01 +8.8888888888888884e-01 +1.1248248654623691e-01 +1.1248246832700796e-01
+5.3089780729568981e-01 +5.5555555555555558e-01 +1.1701159384931789e-01 +1.1701157595453007e-01

+5.3160219270431019e-01 +5.5555555555555558e-01 +1.1964438620022418e-01 +1.1964436803707773e-01
+5.3281250000000002e-01 +8.8888888888888884e-01 +1.2416266821885649e-01 +1.2416265038083119e-01
+5.3402280729568985e-01 +5.5555555555555558e-01 +1.2867376998029750e-01 +1.2867375246871487e-01

+5.3472719270431024e-01 +5.5555555555555558e-01 +1.3129577276773866e-01 +1.3129575499080309e-01
+5.3593749999999996e-01 +8.8888888888888884e-01 +1.3579498281933300e-01 +1.3579496536938851e-01
+5.3714780729568978e-01 +5.5555555555555558e-01 +1.4028633992353237e-01 +1.4028632280190570e-01

+5.3785219270431017e-01 +5.5555555555555558e-01 +1.4289654231552171e-01 +1.4289652493165012e-01
+5.3906250000000000e-01 +8.8888888888888884e-01 +1.4737494586895702e-01 +1.4737492881382100e-01
+5.4027280729568983e-01 +5.5555555555555558e-01 +1.5184482681225439e-01 +1.5184481008718456e-01

+5.4097719270431022e-01 +5.5555555555555558e-01 +1.5444222252608167e-01 +1.5444220554197671e-01
+5.4218750000000004e-01 +8.8888888888888884e-01 +1.5889809307153779e-01 +1.5889807641778572e-01
+5.4339780729568987e-01 +5.5555555555555558e-01 +1.6334477462974142e-01 +1.6334475830767672e-01

+5.4410219270431026e-01 +5.5555555555555558e-01 +1.6592836231991492e-01 +1.6592834574212506e-01
+5.4531250000000009e-01 +8.8888888888888884e-01 +1.7035998203447539e-01 +1.7035996578852822e-01
+5.4652280729568981e-01 +5.5555555555555558e-01 +1.7478174992719886e-01 +1.7478173401443117e-01

+5.4722719270431019e-01 +5.5555555555555558e-01 +1.7735053357148331e-01 +1.7735051740639896e-01
+5.4843750000000002e-01 +8.8888888888888884e-01 +1.8175619398138881e-01 +1.8175617814950865e-01
+5.4964780729568985e-01 +5.5555555555555558e-01 +1.8615134353293700e-01 +1.8615132803560108e-01

+5.5035219270431024e-01 +5.5555555555555558e-01 +1.8870433281633739e-01 +1.8870431707019167e-01
+5.5156249999999996e-01 +8.8888888888888884e-01 +1.9308233545563430e-01 +1.9308232004392537e-01
+5.5277280729568978e-01 +5.5555555555555558e-01 +1.9744917225218980e-01 +1.9744915717626038e-01

+5.5347719270431017e-01 +5.5555555555555558e-01 +1.9998538294873916e-01 +1.9998536762760247e-01
+5.5468750000000000e-01 +8.8888888888888884e-01 +2.0433404001407135e-01 +2.0433402502847559e-01
+5.5589780729568983e-01 +5.5555555555555558e-01 +2.0867088055692276e-01 +2.0867086590821207e-01

+5.5660219270431022e-01 +5.5555555555555558e-01 +2.1118933490911804e-01 +2.1118932001889773e-01
+5.5781250000000004e-01 +8.8888888888888884e-01 +2.1550696991040613e-01 +2.1550695535670131e-01
+5.5902280729568987e-01 +5.5555555555555558e-01 +2.1981214226496887e-01 +2.1981212804912456e-01

+5.5972719270431026e-01 +5.5555555555555558e-01 +2.2231186936071559e-01 +2.2231185490715322e-01
+5.6093750000000009e-01 +8.8888888888888884e-01 +2.2659681776747714e-01 +2.2659680365127458e-01
+5.6214780729568981e-01 +5.5555555555555558e-01 +2.3086866220785590e-01 +2.3086864843035856e-01

+5.6285219270431019e-01 +5.5555555555555558e-01 +2.3334869835477445e-01 +2.3334868434344197e-01
+5.6406250000000002e-01 +8.8888888888888884e-01 +2.3759930823783104e-01 +2.3759929456457254e-01
+5.6527280729568985e-01 +5.5555555555555558e-01 +2.4183617788667575e-01 +2.4183616455283743e-01

+5.6597719270431024e-01 +5.5555555555555558e-01 +2.4429556698362065e-01 +2.4429555341992140e-01
+5.6718749999999996e-01 +8.8888888888888884e-01 +2.4851019965194809e-01 +2.4851018642690653e-01
+5.6839780729568978e-01 +5.5555555555555558e-01 +2.5271046111535739e-01 +2.5271044823031896e-01

+5.6910219270431006e-01 +5.5555555555555558e-01 +2.5514825502101546e-01 +2.5514824191017826e-01
+5.7031250000000000e-01 +8.8888888888888884e-01 +2.5932528565349161e-01 +2.5932527288176560e-01
+5.7152280729568994e-01 +5.5555555555555558e-01 +2.6348731965071565e-01 +2.6348730721944513e-01

+5.7222719270431022e-01 +5.5555555555555558e-01 +2.6590257854912980e-01 +2.6590256589621097e-01
+5.7343750000000004e-01 +8.8888888888888884e-01 +2.7004039682093256e-01 +2.7004038450744650e-01
+5.7464780729568987e-01 +5.5555555555555558e-01 +2.7416259880863780e-01 +2.7416258683592720e-01

+5.7535219270431026e-01 +5.5555555555555558e-01 +2.7655439157152584e-01 +2.7655437938140365e-01
+5.7656250000000009e-01 +8.8888888888888884e-01 +2.8065140227494473e-01 +2.8065139042444609e-01
+5.7777280729568981e-01 +5.5555555555555558e-01 +2.8473218306579551e-01 +2.8473217155626063e-01

+5.7847719270431019e-01 +5.5555555555555558e-01 +2.8709958761151733e-01 +2.8709957588889112e-01
+5.7968750000000002e-01 +8.8888888888888884e-01 +2.9115421127093621e-01 +2.9115419988799324e-01
+5.8089780729568985e-01 +5.5555555555555558e-01 +2.9519199764625625e-01 +2.9519198660433482e-01

+5.8160219270431024e-01 +5.5555555555555558e-01 +2.9753410129529284e-01 +2.9753409004468345e-01
+5.8281249999999996e-01 +8.8888888888888884e-01 +3.0154477477610764e-01 +3.0154476386510992e-01
+5.8402280729568978e-01 +5.5555555555555558e-01 +3.0553801009238685e-01 +3.0553799952233623e-01

+5.8472719270431017e-01 +5.5555555555555558e-01 +3.0785390991919748e-01 +3.0785389914494288e-01
+5.8593750000000000e-01 +8.8888888888888884e-01 +3.1181908703043537e-01 +3.1181907659558994e-01
+5.8714780729568983e-01 +5.5555555555555558e-01 +3.1576623181944452e-01 +3.1576622172534052e-01

+5.8785219270431022e-01 +5.5555555555555558e-01 +3.1805503500055976e-01 +3.1805502470681546e-01
+5.8906250000000004e-01 +8.8888888888888884e-01 +3.2197318709096345e-01 +3.2197317713629492e-01
+5.9027280729568987e-01 +5.5555555555555558e-01 +3.2587271965324943e-01 +3.2587271003898483e-01

+5.9097719270431026e-01 +5.5555555555555558e-01 +3.2813354381147330e-01 +3.2813353400220929e-01
+5.9218750000000009e-01 +8.8888888888888884e-01 +3.3200316035882693e-01 +3.3200315088817428e-01
+5.9339780729568981e-01 +5.5555555555555558e-01 +3.3585357735035681e-01 +3.3585356821963813e-01

+5.9410219270431019e-01 +5.5555555555555558e-01 +3.3808555089493941e-01 +3.3808554157393750e-01
+5.9531250000000002e-01 +8.8888888888888884e-01 +3.4190514008840300e-01 +3.4190513110541687e-01
+5.9652280729568985e-01 +5.5555555555555558e-01 +3.4570495710013022e-01 +3.4570494845647803e-01

+5.9722719270431024e-01 +5.5555555555555558e-01 +3.4790721956278126e-01 +3.4790721073363690e-01
+5.9843750000000007e-01 +8.8888888888888884e-01 +3.5167530887801146e-01 +3.5167530038615696e-01
+5.9964780729568989e-01 +5.5555555555555558e-01 +3.5542306100814536e-01 +3.5542305285489351e-01

+6.0035219270431028e-01 +5.5555555555555558e-01 +3.5759476337476342e-01 +3.5759475504088184e-01
+6.0156250000000000e-01 +8.8888888888888884e-01 +3.6130990014160058e-01 +3.6130989214415249e-01
+6.0277280729568994e-01 +5.5555555555555558e-01 +3.6500414256035385e-01 +3.6500413490064626e-01

+6.0347719270431022e-01 +5.5555555555555558e-01 +3.6714444759833559e-01 +3.6714443976293087e-01
+6.0468750000000004e-01 +8.8888888888888884e-01 +3.7080519956083580e-01 +3.7080519206087853e-01
+6.0589780729568987e-01 +5.5555555555555558e-01 +3.7444450806743268e-01 +3.7444450090422310e-01

+6.0660219270431026e-01 +5.5555555555555558e-01 +3.7655259064844243e-01 +3.7655258331453761e-01
+6.0781250000000009e-01 +8.8888888888888884e-01 +3.8015754651703870e-01 +3.8015753951746556e-01
+6.0902280729568981e-01 +5.5555555555555558e-01 +3.8374051808877324e-01 +3.8374051142482440e-01

+6.0972719270431019e-01 +5.5555555555555558e-01 +3.8581556550684687e-01 +3.8581555867727019e-01
+6.1093750000000002e-01 +8.8888888888888884e-01 +3.8936333550242841e-01 +3.8936332900593862e-01
+6.1214780729568985e-01 +5.5555555555555558e-01 +3.9288858883555533e-01 +3.9288858267343718e-01

+6.1285219270431024e-01 +5.5555555555555558e-01 +3.9492980112041143e-01 +3.9492979479779811e-01
+6.1406250000000007e-01 +8.8888888888888884e-01 +3.9841901751011088e-01 +3.9841901151921044e-01
+6.1527280729568989e-01 +5.5555555555555558e-01 +4.0188519355236341e-01 +4.0188518789445332e-01

+6.1597719270431028e-01 +5.5555555555555558e-01 +4.0389178377780954e-01 +4.0389177796459913e-01
+6.1718750000000000e-01 +8.8888888888888884e-01 +4.0732110140228839e-01 +4.0732109591928861e-01
+6.1839780729568983e-01 +5.5555555555555558e-01 +4.1072686387682134e-01 +4.1072685872530140e-01

+6.1910219270431022e-01 +5.5555555555555558e-01 +4.1269805846412744e-01 +4.1269805316256292e-01
+6.2031250000000004e-01 +8.8888888888888884e-01 +4.1606615525616131e-01 +4.1606615028317873e-01
+6.2152280729568987e-01 +5.5555555555555558e-01 +4.1941019117670914e-01 +4.1941018653356810e-01

+6.2222719270431015e-01 +5.5555555555555558e-01 +4.2134523019283709e-01 +4.2134522540496605e-01
+6.2343750000000009e-01 +8.8888888888888884e-01 +4.2465080768699892e-01 +4.2465080322595344e-01
+6.2464780729568981e-01 +5.5555555555555558e-01 +4.2793182786405803e-01 +4.2793182373108785e-01

+6.2535219270431008e-01 +5.5555555555555558e-01 +4.2982996531463186e-01 +4.2982996104230237e-01
+6.2656250000000002e-01 +8.8888888888888884e-01 +4.3307174914787339e-01 +4.3307174520048658e-01
+6.2777280729568985e-01 +5.5555555555555558e-01 +4.3628848868570924e-01 +4.3628848506450485e-01

+6.2847719270431024e-01 +5.5555555555555558e-01 +4.3814899280260761e-01 +4.3814898904747018e-01
+6.2968750000000007e-01 +8.8888888888888884e-01 +4.4132573320555091e-01 +4.4132572977334766e-01
+6.3089780729568989e-01 +5.5555555555555558e-01 +4.4447695198983833e-01 +4.4447694888179856e-01

+6.3160219270431028e-01 +5.5555555555555558e-01 +4.4629910551330704e-01 +4.4629910227681252e-01
+6.3281250000000000e-01 +8.8888888888888884e-01 +4.4940957779205548e-01 +4.4940957487636152e-01
+6.3402280729568983e-01 +5.5555555555555558e-01 +4.5249406096796746e-01 +4.5249405837429235e-01

+6.3472719270431022e-01 +5.5555555555555558e-01 +4.5427716142313590e-01 +4.5427715870653518e-01
+6.3593750000000004e-01 +8.8888888888888884e-01 +4.5732016643141582e-01 +4.5732016403335840e-01
+6.3714780729568987e-01 +5.5555555555555558e-01 +4.6033672487197219e-01 +4.6033672279366505e-01

+6.3785219270431026e-01 +5.5555555555555558e-01 +4.6208008483967011e-01 +4.6208008264401551e-01
+6.3906250000000009e-01 +8.8888888888888884e-01 +4.6505444944112506e-01 +4.6505444756163311e-01
+6.4027280729568981e-01 +5.5555555555555558e-01 +4.6800192020562476e-01 +4.6800191864349033e-01

+6.4097719270431019e-01 +5.5555555555555558e-01 +4.6970486758739805e-01 +4.6970486591353988e-01
+6.4218750000000002e-01 +8.8888888888888884e-01 +4.7260944510785508e-01 +4.7260944374765640e-01
+6.4339780729568985e-01 +5.5555555555555558e-01 +4.7548669189021131e-01 +4.7548669084485506e-01

+6.4410219270431024e-01 +5.5555555555555558e-01 +4.7714857016742512e-01 +4.7714856901601399e-01
+6.4531250000000007e-01 +8.8888888888888884e-01 +4.7998224083695928e-01 +4.7998223999658313e-01
+6.4652280729568989e-01 +5.5555555555555558e-01 +4.8278815440376666e-01 +4.8278815387559609e-01

+6.4722719270431028e-01 +5.5555555555555558e-01 +4.8440832289070834e-01 +4.8440832226219405e-01
+6.4843750000000000e-01 +8.8888888888888884e-01 +4.8716999427533514e-01 +4.8716999395511129e-01
+6.4964780729568983e-01 +5.5555555555555558e-01 +4.8990349289350155e-01 +4.8990349288272511e-01

+6.5035219270431011e-01 +5.5555555555555558e-01 +4.9148132698437685e-01 +4.9148132687900753e-01
+6.5156250000000004e-01 +8.8888888888888884e-01 +4.9416993440720713e-01 +4.9416993460726522e-01
+6.5277280729568987e-01 +5.5555555555555558e-01 +4.9682996426098114e-01 +4.9682996476760877e-01

+6.5347719270431015e-01 +5.5555555555555558e-01 +4.9836485567071009e-01 +4.9836485608853498e-01
+6.5468750000000009e-01 +8.8888888888888884e-01 +5.0097936262240350e-01 +5.0097936334267335e-01
+6.5589780729568981e-01 +5.5555555555555558e-01 +5.0356489821964068e-01 +5.0356489924348347e-01

+6.5660219270431019e-01 +5.5555555555555558e-01 +5.0505625521836606e-01 +5.0505625615923144e-01
+6.5781250000000002e-01 +8.8888888888888884e-01 +5.0759565375672355e-01 +5.0759565499693426e-01
+6.5902280729568985e-01 +5.5555555555555558e-01 +5.1010569832423391e-01 +5.1010569986490395e-01

+6.5972719270431024e-01 +5.5555555555555558e-01 +5.1155294596543999e-01 +5.1155294742899315e-01
+6.6093750000000007e-01 +8.8888888888888884e-01 +5.1401625710398591e-01 +5.1401625886366920e-01
+6.6214780729568989e-01 +5.5555555555555558e-01 +5.1644984297180818e-01 +5.1644984502872060e-01

+6.6285219270431028e-01 +5.5555555555555558e-01 +5.1785242331397852e-01 +5.1785242529966546e-01
+6.6406250000000000e-01 +8.8888888888888884e-01 +5.2023869739937856e-01 +5.2023869967786507e-01
+6.6527280729568983e-01 +5.5555555555555558e-01 +5.2259488637383644e-01 +5.2259488894620620e-01

+6.6597719270431022e-01 +5.5555555555555558e-01 +5.2395225869554674e-01 +5.2395226120261296e-01
+6.6718750000000004e-01 +8.8888888888888884e-01 +5.2626057577371754e-01 +5.2626057857013897e-01
+6.6839780729568987e-01 +5.5555555555555558e-01 +5.2853845949910905e-01 +5.2853846258595472e-01

+6.6910219270431026e-01 +5.5555555555555558e-01 +5.2985010050748793e-01 +5.2985010353497974e-01
+6.7031250000000009e-01 +8.8888888888888884e-01 +5.3207957067825451e-01 +5.3207957399154593e-01
+6.7152280729568981e-01 +5.5555555555555558e-01 +5.3427827098704384e-01 +5.3427827458718669e-01

+6.7222719270431019e-01 +5.5555555555555558e-01 +5.3554367501951128e-01 +5.3554367856627572e-01
+6.7343750000000002e-01 +8.8888888888888884e-01 +5.3769343877968345e-01 +5.3769344260858121e-01
+6.7464780729568985e-01 +5.5555555555555558e-01 +5.3981210803104496e-01 +5.3981211214311331e-01

+6.7535219270431024e-01 +5.5555555555555558e-01 +5.4103078725025255e-01 +5.4103079131494458e-01
+6.7656250000000007e-01 +8.8888888888888884e-01 +5.4310001582497669e-01 +5.4310002016802850e-01
+6.7777280729568989e-01 +5.5555555555555558e-01 +5.4513783723158393e-01 +5.4513784185401548e-01

+6.7847719270431028e-01 +5.5555555555555558e-01 +5.4630932181349090e-01 +5.4630932639456964e-01
+6.7968750000000000e-01 +8.8888888888888884e-01 +5.4829721747576454e-01 +5.4829722233131928e-01
+6.8089780729568994e-01 +5.5555555555555558e-01 +5.5025340541867873e-01 +5.5025341054970978e-01

+6.8160219270431022e-01 +5.5555555555555558e-01 +5.5137724373367691e-01 +5.5137724882939587e-01
+6.8281250000000004e-01 +8.8888888888888884e-01 +5.5328304011188667e-01 +5.5328304547808671e-01
+6.8402280729568998e-01 +5.5555555555555558e-01 +5.5515684044341973e-01 +5.5515684608108462e-01

+6.8472719270431026e-01 +5.5555555555555558e-01 +5.5623259923044066e-01 +5.5623260483885284e-01
+6.8593750000000009e-01 +8.8888888888888884e-01 +5.5805556160380221e-01 +5.5805556747859797e-01
+6.8714780729568981e-01 +5.5555555555555558e-01 +5.5984625193825432e-01 +5.5984625808040100e-01

+6.8785219270431019e-01 +5.5555555555555558e-01 +5.6087351647179895e-01 +5.6087352259077250e-01
+6.8906250000000002e-01 +8.8888888888888884e-01 +5.6261294205360624e-01 +5.6261294843477261e-01
+6.9027280729568985e-01 +5.5555555555555558e-01 +5.6431983204575042e-01 +5.6431983869006708e-01

+6.9097719270431024e-01 +5.5555555555555558e-01 +5.6529820629576766e-01 +5.6529821292301796e-01
+6.9218750000000007e-01 +8.8888888888888884e-01 +5.6695342450433273e-01 +5.6695343138949894e-01
+6.9339780729568989e-01 +5.5555555555555558e-01 +5.6857585611557704e-01 +5.6857586325959886e-01

+6.9410219270431028e-01 +5.5555555555555558e-01 +5.6950496290015606e-01 +5.6950497003323819e-01
+6.9531250000000000e-01 +8.8888888888888884e-01 +5.7107533561736179e-01 +5.7107534300397234e-01
+6.9652280729568983e-01 +5.5555555555555558e-01 +5.7261268336946158e-01 +5.7261269101050749e-01

+6.9722719270431022e-01 +5.5555555555555558e-01 +5.7349216450026141e-01 +5.7349217213648762e-01
+6.9843750000000004e-01 +8.8888888888888884e-01 +5.7497708631758027e-01 +5.7497709420280174e-01
+6.9964780729568987e-01 +5.5555555555555558e-01 +5.7642875753376921e-01 +5.7642876566885093e-01

+7.0035219270431026e-01 +5.5555555555555558e-01 +5.7725827395409945e-01 +5.7725828209045604e-01
+7.0156250000000009e-01 +8.8888888888888884e-01 +5.7865717240594527e-01 +5.7865718078662653e-01
+7.0277280729568981e-01 +5.5555555555555558e-01 +5.8002260743934597e-01 +5.8002261606520555e-01

+7.0347719270431019e-01 +5.5555555555555558e-01 +5.8080183935482410e-01 +5.8080184798806456e-01
+7.0468750000000002e-01 +8.8888888888888884e-01 +5.8211417513914610e-01 +5.8211418401201487e-01
+7.0589780729568985e-01 +5.5555555555555558e-01 +5.8339284758843013e-01 +5.8339285670183194e-01

+7.0660219270431024e-01 +5.5555555555555558e-01 +5.8412149459020268e-01 +5.8412150371720539e-01
+7.0781250000000007e-01 +8.8888888888888884e-01 +5.8534676177636380e-01 +5.8534677113841671e-01
+7.0902280729568989e-01 +5.5555555555555558e-01 +5.8653817868872882e-01 +5.8653818828680904e-01

+7.0972719270431017e-01 +5.5555555555555558e-01 +5.8721595986933106e-01 +5.8721596948740173e-01
+7.1093750000000000e-01 +8.8888888888888884e-01 +5.8835368609334493e-01 +5.8835369594195930e-01
+7.1214780729568994e-01 +5.5555555555555558e-01 +5.8945738815484428e-01 +5.8945739823493670e-01

+7.1285219270431022e-01 +5.5555555555555558e-01 +5.9008404221670208e-01 +5.9008405232319383e-01
+7.1406250000000004e-01 +8.8888888888888884e-01 +5.9113378886370049e-01 +5.9113379919589182e-01
+7.1527280729568987e-01 +5.5555555555555558e-01 +5.9214935057665397e-01 +5.9214936113521011e-01

+7.1597719270431026e-01 +5.5555555555555558e-01 +5.9272463593302227e-01 +5.9272464652405188e-01
+7.1718750000000009e-01 +8.8888888888888884e-01 +5.9368599830646185e-01 +5.9368600911748792e-01
+7.1839780729568981e-01 +5.5555555555555558e-01 +5.9461302815335415e-01 +5.9461303918468744e-01

+7.1910219270431019e-01 +5.5555555555555558e-01 +5.9513672302129661e-01 +5.9513673409064538e-01
+7.2031250000000002e-01 +8.8888888888888884e-01 +5.9600933049831073e-01 +5.9600934178123932e-01
+7.2152280729568985e-01 +5.5555555555555558e-01 +5.9684747109170910e-01 +5.9684748258858245e-01

+7.2222719270431024e-01 +5.5555555555555558e-01 +5.9731937357685438e-01 +5.9731938511730132e-01
+7.2343750000000007e-01 +8.8888888888888884e-01 +5.9810288974977444e-01 +5.9810290149817746e-01
+7.2464780729568989e-01 +5.5555555555555558e-01 +5.9885181796875986e-01 +5.9885182992642827e-01

+7.2535219270431028e-01 +5.5555555555555558e-01 +5.9927174614230794e-01 +5.9927175815050016e-01
+7.2656250000000000e-01 +8.8888888888888884e-01 +5.9996586894761461e-01 +5.9996588116117899e-01
+7.2777280729568983e-01 +5.5555555555555558e-01 +6.0062529606237158e-01 +6.0062530848417184e-01

+7.2847719270431022e-01 +5.5555555555555558e-01 +6.0099308803148166e-01 +6.0099310051327248e-01
+7.2968750000000004e-01 +8.8888888888888884e-01 +6.0159754986803371e-01 +6.0159756255612007e-01
+7.3089780729568987e-01 +5.5555555555555558e-01 +6.0216722165423420e-01 +6.0216723455206911e-01

+7.3160219270431015e-01 +5.5555555555555558e-01 +6.0248273562670918e-01 +6.0248274859537021e-01
+7.3281250000000009e-01 +8.8888888888888884e-01 +6.0299730346370106e-01 +6.0299731663876255e-01
+7.3402280729568981e-01 +5.5555555555555558e-01 +6.0347700030589668e-01 +6.0347701368826923e-01

+7.3472719270431019e-01 +5.5555555555555558e-01 +6.0374011464824706e-01 +6.0374012810910105e-01
+7.3593750000000002e-01 +8.8888888888888884e-01 +6.0416459011976631e-01 +6.0416460377726222e-01
+7.3714780729568985e-01 +5.5555555555555558e-01 +6.0455412709916290e-01 +6.0455414094798254e-01

+7.3785219270431024e-01 +5.5555555555555558e-01 +6.0476474038473749e-01 +6.0476475431072707e-01
+7.3906250000000007e-01 +8.8888888888888884e-01 +6.0509895986464213e-01 +6.0509897396020662e-01
+7.4027280729568989e-01 +5.5555555555555558e-01 +6.0539818682473134e-01 +6.0539820107814601e-01

+7.4097719270431028e-01 +5.5555555555555558e-01 +6.0555621786802916e-01 +6.0555623218734289e-01
+7.4218750000000000e-01 +8.8888888888888884e-01 +6.0580005252028735e-01 +6.0580006697010391e-01
+7.4339780729568983e-01 +5.5555555555555558e-01 +6.0600885410798488e-01 +6.0600886867751236e-01

+7.4410219270431022e-01 +5.5555555555555558e-01 +6.0611424198493224e-01 +6.0611425660916052e-01
+7.4531250000000004e-01 +8.8888888888888884e-01 +6.0626759779341666e-01 +6.0626761252225259e-01
+7.4652280729568987e-01 +5.5555555555555558e-01 +6.0638589348515837e-01 +6.0638590832209716e-01

+7.4722719270431026e-01 +5.5555555555555558e-01 +6.0643859754747398e-01 +6.0643861244714303e-01
+7.4843750000000009e-01 +8.8888888888888884e-01 +6.0650141534380952e-01 +6.0650143036894244e-01
+7.4964780729568981e-01 +5.5555555555555558e-01 +6.0652915948207820e-01 +6.0652917465594036e-01

+7.5035219270431019e-01 +5.5555555555555558e-01 +6.0652915938285534e-01 +6.0652917465594036e-01
+7.5156250000000002e-01 +8.8888888888888884e-01 +6.0650141490607634e-01 +6.0650143036894244e-01
+7.5277280729568985e-01 +5.5555555555555558e-01 +6.0643859677327128e-01 +6.0643861244714303e-01

+7.5347719270431024e-01 +5.5555555555555558e-01 +6.0638589251630592e-01 +6.0638590832209716e-01
+7.5468750000000007e-01 +8.8888888888888884e-01 +6.0626759649291362e-01 +6.0626761252225259e-01
+7.5589780729568989e-01 +5.5555555555555558e-01 +6.0611424035626449e-01 +6.0611425660916052e-01

+7.5660219270431028e-01 +5.5555555555555558e-01 +6.0600885229034240e-01 +6.0600886867751225e-01
+7.5781250000000000e-01 +8.8888888888888884e-01 +6.0580005037907569e-01 +6.0580006697010391e-01
+7.5902280729568983e-01 +5.5555555555555558e-01 +6.0555621540520965e-01 +6.0555623218734289e-01

+7.5972719270431022e-01 +5.5555555555555558e-01 +6.0539818417569036e-01 +6.0539820107814601e-01
+7.6093750000000004e-01 +8.8888888888888884e-01 +6.0509895689554472e-01 +6.0509897396020662e-01
+7.6214780729568987e-01 +5.5555555555555558e-01 +6.0476473709563305e-01 +6.0476475431072696e-01

+7.6285219270431015e-01 +5.5555555555555558e-01 +6.0455412362368022e-01 +6.0455414094798254e-01
+7.6406250000000009e-01 +8.8888888888888884e-01 +6.0416458632348968e-01 +6.0416460377726222e-01
+7.6527280729568992e-01 +5.5555555555555558e-01 +6.0374011053035126e-01 +6.0374012810910105e-01

+7.6597719270431019e-01 +5.5555555555555558e-01 +6.0347699600029014e-01 +6.0347701368826923e-01
+7.6718750000000002e-01 +8.8888888888888884e-01 +6.0299729883518260e-01 +6.0299731663876255e-01
+7.6839780729568985e-01 +5.5555555555555558e-01 +6.0248273067463431e-01 +6.0248274859537021e-01

+7.6910219270431024e-01 +5.5555555555555558e-01 +6.0216721651350569e-01 +6.0216723455206911e-01
+7.7031250000000007e-01 +8.8888888888888884e-01 +6.0159754440317803e-01 +6.0159756255612007e-01
+7.7152280729568989e-01 +5.5555555555555558e-01 +6.0099308224246017e-01 +6.0099310051327248e-01

+7.7222719270431028e-01 +5.5555555555555558e-01 +6.0062529008470622e-01 +6.0062530848417173e-01
+7.7343750000000000e-01 +8.8888888888888884e-01 +5.9996586264612928e-01 +5.9996588116117899e-01
+7.7464780729568983e-01 +5.5555555555555558e-01 +5.9927173951743418e-01 +5.9927175815050016e-01

+7.7535219270431022e-01 +5.5555555555555558e-01 +5.9885181115593689e-01 +5.9885182992642827e-01
+7.7656250000000004e-01 +8.8888888888888884e-01 +5.9810288261441502e-01 +5.9810290149817746e-01
+7.7777280729568987e-01 +5.5555555555555558e-01 +5.9731936611954739e-01 +5.9731938511730120e-01

+7.7847719270431026e-01 +5.5555555555555558e-01 +5.9684746344734518e-01 +5.9684748258858233e-01
+7.7968750000000009e-01 +8.8888888888888884e-01 +5.9600932253292305e-01 +5.9600934178123921e-01
+7.8089780729568981e-01 +5.5555555555555558e-01 +5.9513671473543761e-01 +5.9513673409064549e-01

+7.8160219270431019e-01 +5.5555555555555558e-01 +5.9461301968125158e-01 +5.9461303918468744e-01
+7.8281250000000002e-01 +8.8888888888888884e-01 +5.9368598951471252e-01 +5.9368600911748781e-01
+7.8402280729568985e-01 +5.5555555555555558e-01 +5.9272462682211935e-01 +5.9272464652405188e-01

+7.8472719270431024e-01 +5.5555555555555558e-01 +5.9214934128023133e-01 +5.9214936113521000e-01
+7.8593750000000007e-01 +8.8888888888888884e-01 +5.9113377924890453e-01 +5.9113379919589171e-01
+7.8714780729568989e-01 +5.5555555555555558e-01 +5.9008403228403927e-01 +5.9008405232319383e-01

+7.8785219270431028e-01 +5.5555555555555558e-01 +5.8945737803741749e-01 +5.8945739823493648e-01
+7.8906250000000000e-01 +8.8888888888888884e-01 +5.8835367565889718e-01 +5.8835369594195930e-01
+7.9027280729568983e-01 +5.5555555555555558e-01 +5.8721594911843522e-01 +5.8721596948740173e-01

+7.9097719270431011e-01 +5.5555555555555558e-01 +5.8653816775393186e-01 +5.8653818828680904e-01
+7.9218750000000004e-01 +8.8888888888888884e-01 +5.8534675052608443e-01 +5.8534677113841660e-01
+7.9339780729568998e-01 +5.5555555555555558e-01 +5.8412148302509037e-01 +5.8412150371720517e-01

+7.9410219270431026e-01 +5.5555555555555558e-01 +5.8339283584039670e-01 +5.8339285670183183e-01
+7.9531250000000009e-01 +8.8888888888888884e-01 +5.8211416307735531e-01 +5.8211418401201487e-01
+7.9652280729568981e-01 +5.5555555555555558e-01 +5.8080182697998328e-01 +5.8080184798806467e-01

+7.9722719270431019e-01 +5.5555555555555558e-01 +5.8002259488264973e-01 +5.8002261606520555e-01
+7.9843750000000002e-01 +8.8888888888888884e-01 +5.7865715953735253e-01 +5.7865718078662642e-01
+7.9964780729568985e-01 +5.5555555555555558e-01 +5.7725826077436093e-01 +5.7725828209045593e-01

+8.0035219270431024e-01 +5.5555555555555558e-01 +5.7642874417329948e-01 +5.7642876566885082e-01
+8.0156250000000007e-01 +8.8888888888888884e-01 +5.7497707264718145e-01 +5.7497709420280163e-01
+8.0277280729568989e-01 +5.5555555555555558e-01 +5.7349215052072189e-01 +5.7349217213648751e-01

+8.0347719270431028e-01 +5.5555555555555558e-01 +5.7261266921037568e-01 +5.7261269101050738e-01
+8.0468750000000000e-01 +8.8888888888888884e-01 +5.7107532115041781e-01 +5.7107534300397234e-01
+8.0589780729568983e-01 +5.5555555555555558e-01 +5.6950494812618779e-01 +5.6950497003323797e-01

+8.0660219270431022e-01 +5.5555555555555558e-01 +5.6857584116331428e-01 +5.6857586325959875e-01
+8.0781250000000004e-01 +8.8888888888888884e-01 +5.6695340924640047e-01 +5.6695343138949872e-01
+8.0902280729568987e-01 +5.5555555555555558e-01 +5.6529819073304566e-01 +5.6529821292301785e-01

+8.0972719270431026e-01 +5.5555555555555558e-01 +5.6431981630605610e-01 +5.6431983869006697e-01
+8.1093750000000009e-01 +8.8888888888888884e-01 +5.6261292601055257e-01 +5.6261294843477261e-01
+8.1214780729568981e-01 +5.5555555555555558e-01 +5.6087350012631321e-01 +5.6087352259077250e-01

+8.1285219270431019e-01 +5.5555555555555558e-01 +5.5984623541719092e-01 +5.5984625808040112e-01
+8.1406250000000002e-01 +8.8888888888888884e-01 +5.5805554478181019e-01 +5.5805556747859786e-01
+8.1527280729568985e-01 +5.5555555555555558e-01 +5.5623258210849258e-01 +5.5623260483885273e-01

+8.1597719270431024e-01 +5.5555555555555558e-01 +5.5515682314735515e-01 +5.5515684608108429e-01
+8.1718750000000007e-01 +8.8888888888888884e-01 +5.5328302251744022e-01 +5.5328304547808649e-01
+8.1839780729568989e-01 +5.5555555555555558e-01 +5.5137722584186732e-01 +5.5137724882939587e-01

+8.1910219270431017e-01 +5.5555555555555558e-01 +5.5025338735428264e-01 +5.5025341054970955e-01
+8.2031250000000000e-01 +8.8888888888888884e-01 +5.4829719911564945e-01 +5.4829722233131928e-01
+8.2152280729568994e-01 +5.5555555555555558e-01 +5.4630930315871806e-01 +5.4630932639456931e-01

+8.2222719270431022e-01 +5.5555555555555558e-01 +5.4513781840581887e-01 +5.4513784185401537e-01
+8.2343750000000004e-01 +8.8888888888888884e-01 +5.4309999670626752e-01 +5.4310002016802827e-01
+8.2464780729568987e-01 +5.5555555555555558e-01 +5.4103076783970505e-01 +5.4103079131494447e-01

+8.2535219270431026e-01 +5.5555555555555558e-01 +5.3981208845116613e-01 +5.3981211214311320e-01
+8.2656250000000009e-01 +8.8888888888888884e-01 +5.3769341890974931e-01 +5.3769344260858110e-01
+8.2777280729568981e-01 +5.5555555555555558e-01 +5.3554365486067157e-01 +5.3554367856627583e-01

+8.2847719270431019e-01 +5.5555555555555558e-01 +5.3427825066059997e-01 +5.3427827458718669e-01
+8.2968750000000002e-01 +8.8888888888888884e-01 +5.3207955006475638e-01 +5.3207957399154571e-01
+8.3089780729568985e-01 +5.5555555555555558e-01 +5.2985007960812702e-01 +5.2985010353497952e-01

+8.3160219270431024e-01 +5.5555555555555558e-01 +5.2853843843393389e-01 +5.2853846258595472e-01
+8.3281250000000007e-01 +8.8888888888888884e-01 +5.2626055442459807e-01 +5.2626057857013886e-01
+8.3402280729568989e-01 +5.5555555555555558e-01 +5.2395223706371774e-01 +5.2395226120261285e-01

+8.3472719270431028e-01 +5.5555555555555558e-01 +5.2259486457804827e-01 +5.2259488894620609e-01
+8.3593750000000000e-01 +8.8888888888888884e-01 +5.2023867532286727e-01 +5.2023869967786507e-01
+8.3714780729568983e-01 +5.5555555555555558e-01 +5.1785240095801988e-01 +5.1785242529966524e-01

+8.3785219270431022e-01 +5.5555555555555558e-01 +5.1644982045380861e-01 +5.1644984502872038e-01
+8.3906250000000004e-01 +8.8888888888888884e-01 +5.1401623430859200e-01 +5.1401625886366886e-01
+8.4027280729568987e-01 +5.5555555555555558e-01 +5.1155292289396859e-01 +5.1155294742899304e-01

+8.4097719270431026e-01 +5.5555555555555558e-01 +5.1010567509270155e-01 +5.1010569986490373e-01
+8.4218750000000009e-01 +8.8888888888888884e-01 +5.0759563025123233e-01 +5.0759565499693404e-01
+8.4339780729568981e-01 +5.5555555555555558e-01 +5.0505623144027512e-01 +5.0505625615923155e-01

+8.4410219270431019e-01 +5.5555555555555558e-01 +5.0356487428353258e-01 +5.0356489924348347e-01
+8.4531250000000002e-01 +8.8888888888888884e-01 +5.0097933841587838e-01 +5.0097936334267301e-01
+8.4652280729568985e-01 +5.5555555555555558e-01 +4.9836483119516728e-01 +4.9836485608853498e-01

+8.4722719270431024e-01 +5.5555555555555558e-01 +4.9682993962952299e-01 +4.9682996476760855e-01
+8.4843750000000007e-01 +8.8888888888888884e-01 +4.9416990950897766e-01 +4.9416993460726499e-01
+8.4964780729568989e-01 +5.5555555555555558e-01 +4.9148130182081567e-01 +4.9148132687900759e-01

+8.5035219270431028e-01 +5.5555555555555558e-01 +4.8990346757618963e-01 +4.8990349288272483e-01
+8.5156250000000000e-01 +8.8888888888888884e-01 +4.8716996869500084e-01 +4.8716999395511135e-01
+8.5277280729568994e-01 +5.5555555555555558e-01 +4.8440829704883126e-01 +4.8440832226219360e-01

+8.5347719270431022e-01 +5.5555555555555558e-01 +4.8278812841036145e-01 +4.8278815387559587e-01
+8.5468750000000004e-01 +8.8888888888888884e-01 +4.7998221458438217e-01 +4.7998223999658302e-01
+8.5589780729568987e-01 +5.5555555555555558e-01 +4.7714854365719389e-01 +4.7714856901601377e-01

+8.5660219270431026e-01 +5.5555555555555558e-01 +4.7548666523073291e-01 +4.7548669084485479e-01
+8.5781250000000009e-01 +8.8888888888888884e-01 +4.7260941819315450e-01 +4.7260944374765607e-01
+8.5902280729568981e-01 +5.5555555555555558e-01 +4.6970484041903188e-01 +4.6970486591353994e-01

+8.5972719270431019e-01 +5.5555555555555558e-01 +4.6800189289035049e-01 +4.6800191864349033e-01
+8.6093750000000002e-01 +8.8888888888888884e-01 +4.6505442187467683e-01 +4.6505444756163294e-01
+8.6214780729568985e-01 +5.5555555555555558e-01 +4.6208005702364213e-01 +4.6208008264401540e-01

+8.6285219270431024e-01 +5.5555555555555558e-01 +4.6033669691143075e-01 +4.6033672279366483e-01
+8.6406250000000007e-01 +8.8888888888888884e-01 +4.5732013822384610e-01 +4.5732016403335812e-01
+8.6527280729568989e-01 +5.5555555555555558e-01 +4.5427713297016892e-01 +4.5427715870653484e-01

+8.6597719270431028e-01 +5.5555555555555558e-01 +4.5249403237293906e-01 +4.5249405837429224e-01
+8.6718750000000000e-01 +8.8888888888888884e-01 +4.4940954895423979e-01 +4.4940957487636141e-01
+8.6839780729568983e-01 +5.5555555555555558e-01 +4.4629907643437122e-01 +4.4629910227681241e-01

+8.6910219270431022e-01 +5.5555555555555558e-01 +4.4447692277134632e-01 +4.4447694888179828e-01
+8.7031250000000004e-01 +8.8888888888888884e-01 +4.4132570374860525e-01 +4.4132572977334739e-01
+8.7152280729568987e-01 +5.5555555555555558e-01 +4.3814896310891149e-01 +4.3814898904746996e-01

+8.7222719270431015e-01 +5.5555555555555558e-01 +4.3628845885501655e-01 +4.3628848506450491e-01
+8.7343750000000009e-01 +8.8888888888888884e-01 +4.3307171908315345e-01 +4.3307174520048636e-01
+8.7464780729568992e-01 +5.5555555555555558e-01 +4.2982993501762334e-01 +4.2982996104230253e-01

+8.7535219270431019e-01 +5.5555555555555558e-01 +4.2793179743266618e-01 +4.2793182373108796e-01
+8.7656250000000002e-01 +8.8888888888888884e-01 +4.2465077702609588e-01 +4.2465080322595322e-01
+8.7777280729568985e-01 +5.5555555555555558e-01 +4.2134519930419606e-01 +4.2134522540496605e-01

+8.7847719270431024e-01 +5.5555555555555558e-01 +4.1941016015634786e-01 +4.1941018653356782e-01
+8.7968750000000007e-01 +8.8888888888888884e-01 +4.1606612401089360e-01 +4.1606615028317839e-01
+8.8089780729568989e-01 +5.5555555555555558e-01 +4.1269802699576053e-01 +4.1269805316256281e-01

+8.8160219270431028e-01 +5.5555555555555558e-01 +4.1072683227945056e-01 +4.1072685872530124e-01
+8.8281250000000000e-01 +8.8888888888888884e-01 +4.0732106958470338e-01 +4.0732109591928878e-01
+8.8402280729568983e-01 +5.5555555555555558e-01 +4.0389175174185055e-01 +4.0389177796459891e-01

+8.8472719270431022e-01 +5.5555555555555558e-01 +4.0188516139016489e-01 +4.0188518789445304e-01
+8.8593750000000004e-01 +8.8888888888888884e-01 +3.9841898513247420e-01 +3.9841901151921016e-01
+8.8714780729568987e-01 +5.5555555555555558e-01 +3.9492976852920958e-01 +3.9492979479779777e-01

+8.8785219270431026e-01 +5.5555555555555558e-01 +3.9288855612092727e-01 +3.9288858267343696e-01
+8.8906250000000009e-01 +8.8888888888888884e-01 +3.8936330257722229e-01 +3.8936332900593840e-01
+8.9027280729568981e-01 +5.5555555555555558e-01 +3.8581553237296634e-01 +3.8581555867727035e-01

+8.9097719270431019e-01 +5.5555555555555558e-01 +3.8374048483432821e-01 +3.8374051142482452e-01
+8.9218750000000002e-01 +8.8888888888888884e-01 +3.8015751305695578e-01 +3.8015753951746523e-01
+8.9339780729568985e-01 +5.5555555555555558e-01 +3.7655255698465656e-01 +3.7655258331453734e-01

+8.9410219270431024e-01 +5.5555555555555558e-01 +3.7444447428598882e-01 +3.7444450090422293e-01
+8.9531250000000007e-01 +8.8888888888888884e-01 +3.7080516557877385e-01 +3.7080519206087831e-01
+8.9652280729568989e-01 +5.5555555555555558e-01 +3.6714441341762094e-01 +3.6714443976293060e-01

+8.9722719270431028e-01 +5.5555555555555558e-01 +3.6500410826493490e-01 +3.6500413490064559e-01
+8.9843750000000000e-01 +8.8888888888888884e-01 +3.6130986565066159e-01 +3.6130989214415254e-01
+8.9964780729568983e-01 +5.5555555555555558e-01 +3.5759472869029840e-01 +3.5759475504088156e-01

+9.0035219270431011e-01 +5.5555555555555558e-01 +3.5542302621197308e-01 +3.5542305285489356e-01
+9.0156250000000004e-01 +8.8888888888888884e-01 +3.5167527389149134e-01 +3.5167530038615658e-01
+9.0277280729568987e-01 +5.5555555555555558e-01 +3.4790718438793677e-01 +3.4790721073363667e-01

+9.0347719270431015e-01 +5.5555555555555558e-01 +3.4570492181661816e-01 +3.4570494845647820e-01
+9.0468750000000009e-01 +8.8888888888888884e-01 +3.4190510461978929e-01 +3.4190513110541654e-01
+9.0589780729568981e-01 +5.5555555555555558e-01 +3.3808551524327562e-01 +3.3808554157393766e-01

+9.0660219270431019e-01 +5.5555555555555558e-01 +3.3585354159310865e-01 +3.3585356821963813e-01
+9.0781250000000002e-01 +8.8888888888888884e-01 +3.3200312442179469e-01 +3.3200315088817389e-01
+9.0902280729568985e-01 +5.5555555555555558e-01 +3.2813350769673510e-01 +3.2813353400220885e-01

+9.0972719270431024e-01 +5.5555555555555558e-01 +3.2587268343604869e-01 +3.2587271003898455e-01
+9.1093750000000007e-01 +8.8888888888888884e-01 +3.2197315069936483e-01 +3.2197317713629464e-01
+9.1214780729568989e-01 +5.5555555555555558e-01 +3.1805499843666851e-01 +3.1805502470681513e-01

+9.1285219270431028e-01 +5.5555555555555558e-01 +3.1576619515625365e-01 +3.1576622172534013e-01
+9.1406250000000000e-01 +8.8888888888888884e-01 +3.1181905019830125e-01 +3.1181907659559005e-01
+9.1527280729568983e-01 +5.5555555555555558e-01 +3.0785387292025024e-01 +3.0785389914494288e-01

+9.1597719270431022e-01 +5.5555555555555558e-01 +3.0553797299734065e-01 +3.0553799952233646e-01
+9.1718750000000004e-01 +8.8888888888888884e-01 +3.0154473751763766e-01 +3.0154476386511003e-01
+9.1839780729568987e-01 +5.5555555555555558e-01 +2.9753406387555331e-01 +2.9753409004468317e-01

+9.1910219270431026e-01 +5.5555555555555558e-01 +2.9519196013365534e-01 +2.9519198660433449e-01
+9.2031250000000009e-01 +8.8888888888888884e-01 +2.9115417360049356e-01 +2.9115419988799279e-01
+9.2152280729568981e-01 +5.5555555555555558e-01 +2.8709954978541158e-01 +2.8709957588889112e-01

+9.2222719270431019e-01 +5.5555555555555558e-01 +2.8473214515010198e-01 +2.8473217155626063e-01
+9.2343750000000002e-01 +8.8888888888888884e-01 +2.8065136420705278e-01 +2.8065139042444592e-01
+9.2464780729568985e-01 +5.5555555555555558e-01 +2.7655435335363626e-01 +2.7655437938140343e-01

+9.2535219270431024e-01 +5.5555555555555558e-01 +2.7416256050446802e-01 +2.7416258683592692e-01
+9.2656250000000007e-01 +8.8888888888888884e-01 +2.7004035837026558e-01 +2.7004038450744616e-01
+9.2777280729568989e-01 +5.5555555555555558e-01 +2.6590253995418905e-01 +2.6590256589621064e-01

+9.2847719270431028e-01 +5.5555555555555558e-01 +2.6348728097283608e-01 +2.6348730721944452e-01
+9.2968750000000000e-01 +8.8888888888888884e-01 +2.5932524683487301e-01 +2.5932527288176560e-01
+9.3089780729568994e-01 +5.5555555555555558e-01 +2.5514821606390259e-01 +2.5514824191017832e-01

+9.3160219270431022e-01 +5.5555555555555558e-01 +2.5271042207867922e-01 +2.5271044823031907e-01
+9.3281250000000004e-01 +8.8888888888888884e-01 +2.4851016048034336e-01 +2.4851018642690659e-01
+9.3402280729568998e-01 +5.5555555555555558e-01 +2.4429552767935453e-01 +2.4429555341992079e-01

+9.3472719270431026e-01 +5.5555555555555558e-01 +2.4183613850624772e-01 +2.4183616455283699e-01
+9.3593750000000009e-01 +8.8888888888888884e-01 +2.3759926872834070e-01 +2.3759929456457232e-01
+9.3714780729568981e-01 +5.5555555555555558e-01 +2.3334865871850713e-01 +2.3334868434344194e-01

+9.3785219270431019e-01 +5.5555555555555558e-01 +2.3086862249886073e-01 +2.3086864843035873e-01
+9.3906250000000002e-01 +8.8888888888888884e-01 +2.2659677793533428e-01 +2.2659680365127430e-01
+9.4027280729568985e-01 +5.5555555555555558e-01 +2.2231182940772828e-01 +2.2231185490715291e-01

+9.4097719270431024e-01 +5.5555555555555558e-01 +2.1981210224271422e-01 +2.1981212804912414e-01
+9.4218750000000007e-01 +8.8888888888888884e-01 +2.1550692977096531e-01 +2.1550695535670086e-01
+9.4339780729568989e-01 +5.5555555555555558e-01 +2.1118929465481243e-01 +2.1118932001889751e-01

+9.4410219270431028e-01 +5.5555555555555558e-01 +2.0867084023683860e-01 +2.0867086590821171e-01
+9.4531250000000000e-01 +8.8888888888888884e-01 +2.0433399958280812e-01 +2.0433402502847575e-01
+9.4652280729568983e-01 +5.5555555555555558e-01 +1.9998534240863516e-01 +1.9998536762760258e-01

+9.4722719270431022e-01 +5.5555555555555558e-01 +1.9744913164982048e-01 +1.9744915717626041e-01
+9.4843750000000004e-01 +8.8888888888888884e-01 +1.9308229474813543e-01 +1.9308232004392539e-01
+9.4964780729568987e-01 +5.5555555555555558e-01 +1.8870429200606326e-01 +1.8870431707019122e-01

+9.5035219270431026e-01 +5.5555555555555558e-01 +1.8615130266393459e-01 +1.8615132803560086e-01
+9.5156250000000009e-01 +8.8888888888888884e-01 +1.8175615301334741e-01 +1.8175617814950831e-01
+9.5277280729568981e-01 +5.5555555555555558e-01 +1.7735049250677193e-01 +1.7735051740639912e-01

+9.5347719270431019e-01 +5.5555555555555558e-01 +1.7478170880731986e-01 +1.7478173401443128e-01
+9.5468750000000002e-01 +8.8888888888888884e-01 +1.7035994082168587e-01 +1.7035996578852788e-01
+9.5589780729568985e-01 +5.5555555555555558e-01 +1.6592832101659788e-01 +1.6592834574212470e-01

+9.5660219270431024e-01 +5.5555555555555558e-01 +1.6334473327483728e-01 +1.6334475830767647e-01
+9.5781250000000007e-01 +8.8888888888888884e-01 +1.5889805162988702e-01 +1.5889807641778544e-01
+9.5902280729568989e-01 +5.5555555555555558e-01 +1.5444218100008095e-01 +1.5444220554197641e-01

+9.5972719270431017e-01 +5.5555555555555558e-01 +1.5184478523826825e-01 +1.5184481008718470e-01
+9.6093750000000000e-01 +8.8888888888888884e-01 +1.4737490421442226e-01 +1.4737492881382111e-01
+9.6214780729568994e-01 +5.5555555555555558e-01 +1.4289650058284725e-01 +1.4289652493164967e-01

+9.6285219270431022e-01 +5.5555555555555558e-01 +1.4028629814649218e-01 +1.4028632280190567e-01
+9.6406250000000004e-01 +8.8888888888888884e-01 +1.3579494096797284e-01 +1.3579496536938845e-01
+9.6527280729568987e-01 +5.5555555555555558e-01 +1.3129573084447882e-01 +1.3129575499080284e-01

+9.6597719270431026e-01 +5.5555555555555558e-01 +1.2867372801630850e-01 +1.2867375246871451e-01
+9.6718750000000009e-01 +8.8888888888888884e-01 +1.2416262618680499e-01 +1.2416265038083081e-01
+9.6839780729568981e-01 +5.5555555555555558e-01 +1.1964434410254078e-01 +1.1964436803707786e-01

+9.6910219270431019e-01 +5.5555555555555558e-01 +1.1701155171455813e-01 +1.1701157595453009e-01
+9.7031250000000002e-01 +8.8888888888888884e-01 +1.1248244434969831e-01 +1.1248246832700753e-01
+9.7152280729568985e-01 +5.5555555555555558e-01 +1.0794683218841657e-01 +1.0794685590193936e-01

+9.7222719270431024e-01 +5.5555555555555558e-01 +1.0530426523220454e-01 +1.0530428925039775e-01
+9.7343750000000007e-01 +8.8888888888888884e-01 +1.0075889838909277e-01 +1.0075892214044226e-01
+9.7464780729568989e-01 +5.5555555555555558e-01 +9.6207704715621165e-02 +9.6207728198988596e-02

+9.7535219270431028e-01 +5.5555555555555558e-01 +9.3556381951045958e-02 +9.3556405738200329e-02
+9.7656250000000000e-01 +8.8888888888888884e-01 +8.8996507955125398e-02 +8.8996531471358303e-02
+9.7777280729568983e-01 +5.5555555555555558e-01 +8.4431487341260589e-02 +8.4431510585419547e-02

+9.7847719270431022e-01 +5.5555555555555558e-01 +8.1772430903717885e-02 +8.1772454450664001e-02
+9.7968750000000004e-01 +8.8888888888888884e-01 +7.7199807673214688e-02 +7.7199830945265460e-02
+9.8089780729568987e-01 +5.5555555555555558e-01 +7.2622720021302378e-02 +7.2622743017292268e-02

+9.8160219270431015e-01 +5.5555555555555558e-01 +6.9956955027667078e-02 +6.9956978325326852e-02
+9.8281250000000009e-01 +8.8888888888888884e-01 +6.5373345395880578e-02 +6.5373368414776992e-02
+9.8402280729568981e-01 +5.5555555555555558e-01 +6.0785955260339287e-02 +6.0785977999294971e-02

+9.8472719270431019e-01 +5.5555555555555558e-01 +5.8114509413761783e-02 +5.8114532453152797e-02
+9.8593750000000002e-01 +8.8888888888888884e-01 +5.3521680449457640e-02 +5.3521703206326467e-02
+9.8714780729568985e-01 +5.5555555555555558e-01 +4.8925756356509295e-02 +4.8925778829664687e-02

+9.8785219270431024e-01 +5.5555555555555558e-01 +4.6249659550216878e-02 +4.6249682322457610e-02
+9.8906250000000007e-01 +8.8888888888888884e-01 +4.1649381876389252e-02 +4.1649404362456885e-02
+9.9027280729568989e-01 +5.5555555555555558e-01 +3.7046695642259056e-02 +3.7046717840950524e-02

+9.9097719270431028e-01 +5.5555555555555558e-01 +3.4366979562513070e-02 +3.4367002058824161e-02
+9.9218750000000000e-01 +8.8888888888888884e-01 +2.9761026673775413e-02 +2.9761048880373467e-02
+9.9339780729568983e-01 +5.5555555555555558e-01 +2.5153352721622599e-02 +2.5153374637292961e-02

+9.9410219270431022e-01 +5.5555555555555558e-01 +2.2471050449982526e-02 +2.2471072661691512e-02
+9.9531250000000004e-01 +8.8888888888888884e-01 +1.7861198028851537e-02 +1.7861219947418926e-02
+9.9652280729568987e-01 +5.5555555555555558e-01 +1.3250312704695589e-02 +1.3250334328895538e-02

+9.9722719270431026e-01 +5.5555555555555558e-01 +1.0566458319747667e-02 +1.0566480238290821e-02
+9.9843750000000009e-01 +8.8888888888888884e-01 +5.9544835520841909e-03 +5.9545051741707895e-03
+9.9964780729568981e-01 +5.5555555555555558e-01 +1.3421644399896513e-03 +1.3421857643832202e-03


